x y z
6.08481 -3.51307 0.233081
6.06817 -3.50346 0.20796
6.1207 -3.53379 0.185071
6.01733 -3.47411 0.157677
6.04374 -3.48936 0.133998
6.10473 -3.52457 0.110737
6.04441 -3.48974 0.0852742
6.17453 -3.56486 0.0622204
6.17468 -3.56495 0.0373324
6.02753 -3.47999 0.0121473
6.12279 -3.53499 -0.012339
6.07941 -3.50995 -0.0367571
5.95803 -3.43987 -0.0600385
6.0877 -3.51474 -0.0858848
6.14802 -3.54956 -0.111522
6.10435 -3.52435 -0.135342
6.10391 -3.52409 -0.159946
6.12936 -3.53879 -0.185333
6.05085 -3.49346 -0.207366
6.07616 -3.50807 -0.23275
6.01838 -3.44815 0.230097
6.12312 -3.50816 0.209443
6.09769 -3.49359 0.184024
6.14158 -3.51874 0.160626
6.11601 -3.50409 0.135342
6.15976 -3.52915 0.111523
6.06462 -3.47465 0.0853964
6.14293 -3.51951 0.0617841
6.14308 -3.5196 0.0370706
6.06506 -3.4749 0.0121996
6.15183 -3.52461 -0.0123739
6.0997 -3.49474 -0.0368094
6.15161 -3.52448 -0.0618711
6.0733 -3.47962 -0.0855183
6.11638 -3.5043 -0.110737
6.17673 -3.53888 -0.136685
6.17628 -3.53862 -0.161535
6.16708 -3.53335 -0.186118
6.08842 -3.48828 -0.208256
6.1051 -3.49784 -0.233413
6.08191 -3.45782 0.232086
6.15209 -3.49772 0.210037
6.08317 -3.45853 0.183239
6.13584 -3.48847 0.160173
6.10152 -3.46896 0.134766
6.08451 -3.45929 0.109952
6.12827 -3.48417 0.0861294
6.08503 -3.45959 0.0610859
6.08517 -3.45967 0.0366517
6.07655 -3.45477 0.0121996
6.0157 -3.42017 -0.0120772
6.11995 -3.47944 -0.0368618
6.05895 -3.44476 -0.0608239
6.07611 -3.45452 -0.0853962
6.07581 -3.45435 -0.109794
6.10152 -3.46896 -0.134766
6.10107 -3.46871 -0.159266
6.12662 -3.48324 -0.184548
5.987 -3.40385 -0.2044
6.03847 -3.43312 -0.230429
6.09274 -3.43869 0.232086
6.16305 -3.47837 0.210037
6.09401 -3.4394 0.183239
6.14677 -3.46918 0.160173
6.11239 -3.44978 0.134766
6.09534 -3.44016 0.109952
6.13918 -3.4649 0.0861294
6.09586 -3.44045 0.0610859
6.09601 -3.44054 0.0366517
6.08738 -3.43566 0.0121996
6.02642 -3.40126 -0.0120772
6.13085 -3.4602 -0.0368618
6.06974 -3.42571 -0.0608239
6.08693 -3.43541 -0.0853962
6.08664 -3.43524 -0.109794
6.11239 -3.44978 -0.134766
6.11194 -3.44953 -0.159266
6.13754 -3.46397 -0.184548
5.99766 -3.38503 -0.2044
6.04922 -3.41413 -0.230429
6.08667 -3.4087 0.231423
6.13967 -3.43838 0.20885
6.1141 -3.42406 0.183501
6.12335 -3.42924 0.159265
6.09762 -3.41483 0.13419
6.16779 -3.45413 0.111051
6.09829 -3.41521 0.0853964
6.13341 -3.43488 0.0613477
6.13356 -3.43496 0.0368088
6.11619 -3.42523 0.0122345
6.01149 -3.3666 -0.0120249
6.15974 -3.44962 -0.0369665
6.18576 -3.46419 -0.0618711
6.08957 -3.41032 -0.085274
6.17651 -3.45901 -0.111208
6.04528 -3.38552 -0.133038
6.04484 -3.38527 -0.157224
6.14027 -3.43871 -0.184286
6.02629 -3.37489 -0.204993
6.1826 -3.46242 -0.235071
6.063 -3.36908 0.230097
6.10735 -3.39373 0.207367
6.10795 -3.39406 0.182977
6.06477 -3.37007 0.15745
6.0827 -3.38002 0.133614
6.11803 -3.39966 0.109952
6.08336 -3.3804 0.0850299
6.08358 -3.38052 0.0607369
6.09247 -3.38546 0.0364947
6.19744 -3.44379 0.0123742
6.12751 -3.40493 -0.0122343
6.1624 -3.42432 -0.0369141
6.12729 -3.4048 -0.061173
6.10084 -3.39011 -0.085274
6.15299 -3.41908 -0.11058
6.0827 -3.38002 -0.133614
6.08225 -3.37978 -0.157905
6.10795 -3.39406 -0.182977
6.09861 -3.38887 -0.20707
6.063 -3.36908 -0.230097
6.07414 -3.34896 0.230097
6.11857 -3.37345 0.207367
6.11917 -3.37378 0.182977
6.07591 -3.34994 0.15745
6.09387 -3.35984 0.133614
6.12927 -3.37935 0.109952
6.09454 -3.3602 0.0850299
6.09476 -3.36033 0.0607369
6.10367 -3.36524 0.0364947
6.20883 -3.42322 0.0123742
6.13877 -3.38459 -0.0122343
6.17372 -3.40386 -0.0369141
6.13855 -3.38447 -0.061173
6.11205 -3.36986 -0.085274
6.16429 -3.39866 -0.11058
6.09387 -3.35984 -0.133614
6.09342 -3.35959 -0.157905
6.11917 -3.37378 -0.182977
6.10982 -3.36863 -0.20707
6.07414 -3.34896 -0.230097
6.11093 -3.34425 0.231091
6.09406 -3.33502 0.20618
6.14727 -3.36414 0.183501
6.18288 -3.38363 0.159946
6.16579 -3.37427 0.134958
6.13108 -3.35528 0.109795
6.18401 -3.38424 0.0861294
6.18424 -3.38437 0.0615223
6.1493 -3.36525 0.0367041
6.1406 -3.36049 0.0122171
6.12306 -3.35089 -0.012182
6.19316 -3.38925 -0.0369665
6.17546 -3.37957 -0.0614348
6.11384 -3.34584 -0.0851518
6.12231 -3.35048 -0.109637
6.15702 -3.36947 -0.134766
6.15657 -3.36923 -0.159266
6.08589 -3.33055 -0.181668
6.10283 -3.33982 -0.206477
6.08463 -3.32986 -0.230097
6.13077 -3.32874 0.231423
6.1578 -3.34341 0.20796
6.13204 -3.32943 0.182715
6.17649 -3.35356 0.159492
6.10665 -3.31564 0.133422
6.15975 -3.34447 0.110109
6.13369 -3.33032 0.0852742
6.13391 -3.33044 0.0609114
6.16042 -3.34484 0.0367041
6.14292 -3.33533 0.0121996
6.12535 -3.32579 -0.0121645
6.14285 -3.33529 -0.0366
6.23936 -3.3877 -0.0619584
6.11611 -3.32078 -0.0850297
6.21247 -3.3731 -0.111051
6.07151 -3.29656 -0.132654
6.07106 -3.29632 -0.15677
6.07933 -3.30081 -0.181145
6.11387 -3.31956 -0.206477
6.1132 -3.3192 -0.230761
6.14178 -3.30839 0.231423
6.16885 -3.32297 0.20796
6.14305 -3.30907 0.182715
6.18758 -3.33306 0.159492
6.11761 -3.29537 0.133422
6.1708 -3.32403 0.110109
6.1447 -3.30996 0.0852742
6.14492 -3.31008 0.0609114
6.17148 -3.32439 0.0367041
6.15395 -3.31495 0.0121996
6.13634 -3.30546 -0.0121645
6.15387 -3.31491 -0.0366
6.25056 -3.36699 -0.0619584
6.12709 -3.30048 -0.0850297
6.22362 -3.35248 -0.111051
6.08241 -3.27641 -0.132654
6.08196 -3.27617 -0.15677
6.09024 -3.28063 -0.181145
6.12485 -3.29927 -0.206477
6.12418 -3.29891 -0.230761
6.04694 -3.23148 0.227444
6.20628 -3.31663 0.20885
6.17162 -3.29811 0.183239
6.18978 -3.30781 0.159265
6.16378 -3.29392 0.13419
6.17298 -3.29883 0.109952
6.20855 -3.31784 0.0860072
6.20878 -3.31797 0.061435
6.20893 -3.31805 0.0368612
6.12081 -3.27095 0.0121124
6.23546 -3.33223 -0.012339
6.16483 -3.29448 -0.0366
6.2176 -3.32268 -0.061522
6.15564 -3.28957 -0.085274
6.17298 -3.29883 -0.109952
6.12851 -3.27507 -0.133422
6.12806 -3.27483 -0.157678
6.2157 -3.32167 -0.184548
6.08286 -3.25068 -0.204697
6.12627 -3.27387 -0.230429
6.13652 -3.25461 0.230428
6.14603 -3.25965 0.206477
6.15546 -3.26465 0.182454
6.20898 -3.29304 0.159492
6.1741 -3.27454 0.13419
6.19214 -3.28411 0.110109
6.10411 -3.23742 0.084419
6.10433 -3.23753 0.0603005
6.20165 -3.28915 0.0367565
6.18406 -3.27982 0.0122171
6.22823 -3.30325 -0.0123041
6.17515 -3.2751 -0.0366
6.21917 -3.29844 -0.0614348
6.21894 -3.29832 -0.086007
6.20981 -3.29348 -0.110423
6.1741 -3.27454 -0.13419
6.17365 -3.2743 -0.158585
6.14663 -3.25997 -0.182192
6.12837 -3.25028 -0.205883
6.13652 -3.25461 -0.230429
6.14728 -3.23424 0.230428
6.1568 -3.23925 0.206477
6.16625 -3.24422 0.182454
6.21986 -3.27243 0.159492
6.18492 -3.25405 0.13419
6.203 -3.26356 0.110109
6.11481 -3.21716 0.084419
6.11503 -3.21727 0.0603005
6.21253 -3.26857 0.0367565
6.1949 -3.2593 0.0122171
6.23915 -3.28258 -0.0123041
6.18598 -3.2546 -0.0366
6.23008 -3.2778 -0.0614348
6.22985 -3.27768 -0.086007
6.2207 -3.27287 -0.110423
6.18492 -3.25405 -0.13419
6.18447 -3.25381 -0.158585
6.1574 -3.23957 -0.182192
6.13911 -3.22994 -0.205883
6.14728 -3.23424 -0.230429
6.22 -3.24621 0.232749
6.21182 -3.24194 0.20796
6.24787 -3.26076 0.184548
6.14205 -3.20553 0.157223
6.21341 -3.24277 0.134574
6.30243 -3.28923 0.11168
6.24955 -3.26163 0.0861294
6.24978 -3.26175 0.0615223
6.16128 -3.21556 0.0363899
6.25887 -3.2665 0.0123218
6.23227 -3.25262 -0.0122692
6.26766 -3.27108 -0.0370189
6.22318 -3.24787 -0.0612602
6.24068 -3.257 -0.086007
6.20492 -3.23834 -0.109952
6.16909 -3.21964 -0.133614
6.16864 -3.2194 -0.157905
6.18584 -3.22838 -0.182715
6.20296 -3.23732 -0.207663
6.17569 -3.22309 -0.231092
6.15972 -3.18881 0.230097
6.1604 -3.18916 0.205883
6.16988 -3.19406 0.18193
6.18816 -3.20353 0.158131
6.19749 -3.20836 0.133998
6.22451 -3.22234 0.110109
6.24257 -3.23169 0.0858851
6.2428 -3.23181 0.0613477
6.30511 -3.26407 0.0371753
6.1631 -3.19055 0.0121124
6.28743 -3.25492 -0.0123565
6.19855 -3.20891 -0.0365476
6.23392 -3.22722 -0.0612602
6.23369 -3.2271 -0.0857627
6.18011 -3.19936 -0.109323
6.16197 -3.18997 -0.13323
6.16152 -3.18974 -0.157451
6.18763 -3.20325 -0.182453
6.12489 -3.17077 -0.204697
6.14197 -3.17962 -0.229434
6.16971 -3.16944 0.230097
6.17039 -3.16979 0.205883
6.17988 -3.17466 0.18193
6.19819 -3.18407 0.158131
6.20754 -3.18887 0.133998
6.2346 -3.20277 0.110109
6.25269 -3.21207 0.0858851
6.25292 -3.21218 0.0613477
6.31534 -3.24425 0.0371753
6.17309 -3.17118 0.0121124
6.29762 -3.23515 -0.0123565
6.2086 -3.18942 -0.0365476
6.24403 -3.20762 -0.0612602
6.2438 -3.2075 -0.0857627
6.19013 -3.17993 -0.109323
6.17197 -3.1706 -0.13323
6.17151 -3.17037 -0.157451
6.19766 -3.1838 -0.182453
6.13482 -3.15152 -0.204697
6.15193 -3.16031 -0.229434
6.22813 -3.17339 -0.0121994
6.2726 -3.19605 -0.0368618
6.19226 -3.15511 -0.0606494
6.26331 -3.19132 -0.0858848
6.34318 -3.23201 -0.111836
6.2448 -3.18189 -0.134574
6.24435 -3.18165 -0.159039
6.36851 -3.24492 -0.187165
6.22539 -3.172 -0.207366
6.18909 -3.1535 -0.230429
6.32709 -3.19743 -0.111365
6.13932 -3.10254 -0.132078
6.29948 -3.18348 -0.160173
6.29894 -3.1832 -0.184809
6.23588 -3.15134 -0.207366
6.18167 -3.12394 -0.229766
6.33766 -3.17643 -0.111365
6.14957 -3.08216 -0.132078
6.31 -3.16257 -0.160173
6.30946 -3.1623 -0.184809
9.50494 -4.49499 0.348792
9.62345 -4.55104 0.315945
9.59727 -4.53866 0.278
9.58906 -4.53477 0.240713
9.60783 -4.54365 0.204069
9.47364 -4.48019 0.0914544
9.59139 -4.53588 0.0555536
9.60959 -4.54448 0.0185525
9.60055 -4.54021 -0.0185347
9.51979 -4.46345 0.348792
9.63849 -4.5191 0.315945
9.61227 -4.50681 0.278
9.60404 -4.50295 0.240713
9.62285 -4.51177 0.204069
9.48845 -4.44875 0.0914544
9.60638 -4.50405 0.0555536
9.62461 -4.51259 0.0185525
9.61555 -4.50835 -0.0185347
9.55189 -4.44195 0.349455
9.75233 -4.53516 0.319208
9.52668 -4.43022 0.27512
9.6544 -4.48962 0.24162
9.6823 -4.50259 0.205029
9.66476 -4.49444 0.167441
9.66523 -4.49466 0.130233
9.71999 -4.52012 0.0935487
9.72929 -4.52445 0.0561819
9.60247 -4.46547 0.0184827
9.6206 -4.4739 -0.0185173
9.75649 -4.5371 -0.0563399
9.65652 -4.4906 -0.0929375
9.69243 -4.5073 -0.130599
9.65569 -4.49022 -0.167283
9.7367 -4.52789 -0.20618
9.73599 -4.52756 -0.243663
9.73516 -4.52717 -0.281141
9.70702 -4.51409 -0.317725
9.70595 -4.51359 -0.355093
9.61195 -4.43117 0.351113
9.62208 -4.43584 0.314462
9.57763 -4.41535 0.276167
9.61476 -4.43247 0.240259
9.65178 -4.44953 0.204069
9.61605 -4.43306 0.166341
9.61652 -4.43328 0.129377
9.43525 -4.34971 0.090669
9.68067 -4.46285 0.0558154
9.65355 -4.45035 0.0185525
9.61722 -4.4336 -0.0184824
9.55354 -4.40424 -0.0550832
9.58055 -4.41669 -0.0920649
9.84354 -4.53793 -0.132431
9.62513 -4.43725 -0.166498
9.66994 -4.4579 -0.204452
9.642 -4.44502 -0.240941
9.64118 -4.44464 -0.277999
9.63116 -4.44002 -0.314758
9.73902 -4.48975 -0.355756
9.56296 -4.37019 0.348792
9.68219 -4.42468 0.315945
9.67405 -4.42096 0.278523
9.62941 -4.40056 0.240259
9.53918 -4.35932 0.201381
9.74892 -4.45517 0.168383
9.7494 -4.45539 0.130966
9.59514 -4.3849 0.0920652
9.63175 -4.40163 0.0554488
9.65006 -4.41 0.0185176
9.64097 -4.40584 -0.0184998
9.7318 -4.44735 -0.0560257
9.64061 -4.40568 -0.0925012
9.69483 -4.43045 -0.130232
9.75802 -4.45933 -0.16854
9.67558 -4.42166 -0.20426
9.86582 -4.5086 -0.246159
9.86498 -4.50821 -0.28402
9.62765 -4.39975 -0.314165
9.64477 -4.40758 -0.351777
9.5774 -4.33846 0.348792
9.69681 -4.39255 0.315945
9.68865 -4.38885 0.278523
9.64395 -4.3686 0.240259
9.55358 -4.32766 0.201381
9.76364 -4.42282 0.168383
9.76412 -4.42304 0.130966
9.60963 -4.35305 0.0920652
9.6463 -4.36967 0.0554488
9.66463 -4.37797 0.0185176
9.65552 -4.37385 -0.0184998
9.74649 -4.41505 -0.0560257
9.65517 -4.37369 -0.0925012
9.70947 -4.39828 -0.130232
9.77275 -4.42695 -0.16854
9.69019 -4.38955 -0.20426
9.88072 -4.47586 -0.246159
9.87988 -4.47547 -0.28402
9.64218 -4.3678 -0.314165
9.65933 -4.37557 -0.351777
9.70038 -4.35749 0.352771
9.68321 -4.34978 0.315055
9.56561 -4.29695 0.274597
9.77618 -4.39154 0.243208
9.73129 -4.37137 0.204837
9.75925 -4.38393 0.168069
9.75972 -4.38415 0.130721
9.66886 -4.34333 0.0925016
9.67822 -4.34753 0.0555536
9.59624 -4.31071 0.0183605
9.73307 -4.37217 -0.018622
9.68734 -4.35163 -0.0556068
9.65062 -4.33514 -0.0923267
9.7506 -4.38005 -0.130599
9.85958 -4.429 -0.169797
9.69481 -4.35499 -0.204068
9.66674 -4.34238 -0.240487
9.66592 -4.34201 -0.277476
9.6285 -4.3252 -0.313275
9.67303 -4.3452 -0.351777
9.77869 -4.35375 0.355092
9.75237 -4.34204 0.316835
9.81725 -4.37092 0.281403
9.80895 -4.36723 0.243662
9.6544 -4.29841 0.202917
9.81027 -4.36781 0.168697
9.81075 -4.36803 0.13121
9.74716 -4.33971 0.0931124
9.68345 -4.31135 0.0555012
9.58308 -4.26666 0.0183082
9.68357 -4.3114 -0.0184998
9.66518 -4.30321 -0.0553974
9.7837 -4.35598 -0.0934611
9.77421 -4.35176 -0.130721
9.77373 -4.35155 -0.168069
9.71833 -4.32688 -0.20426
9.70849 -4.3225 -0.241167
9.71679 -4.3262 -0.278523
9.71585 -4.32577 -0.315648
9.80608 -4.36595 -0.356087
9.78393 -4.31727 0.35476
9.72099 -4.28949 0.315352
9.58475 -4.22938 0.274335
9.6313 -4.24992 0.238898
9.69604 -4.27848 0.203493
9.78811 -4.31911 0.168069
9.78858 -4.31932 0.130721
9.7249 -4.29122 0.0927633
9.6428 -4.25499 0.055187
9.66122 -4.26312 0.0184304
9.60632 -4.2389 -0.0183253
9.6245 -4.24692 -0.0550832
9.71575 -4.28718 -0.0926757
9.60562 -4.23859 -0.128277
9.79725 -4.32315 -0.168226
9.76922 -4.31077 -0.205028
9.85997 -4.35082 -0.244571
9.64877 -4.25763 -0.276167
9.64783 -4.25721 -0.312978
9.69249 -4.27692 -0.351446
9.79819 -4.2848 0.35476
9.73516 -4.25724 0.315352
9.59873 -4.19757 0.274335
9.64534 -4.21796 0.238898
9.71017 -4.24631 0.203493
9.80238 -4.28663 0.168069
9.80285 -4.28684 0.130721
9.73908 -4.25895 0.0927633
9.65686 -4.22299 0.055187
9.6753 -4.23106 0.0184304
9.62033 -4.20702 -0.0183253
9.63853 -4.21498 -0.0550832
9.72992 -4.25494 -0.0926757
9.61962 -4.20671 -0.128277
9.81154 -4.29063 -0.168226
9.78346 -4.27835 -0.205028
9.87434 -4.3181 -0.244571
9.66284 -4.22561 -0.276167
9.6619 -4.2252 -0.312978
9.70662 -4.24475 -0.351446
10.0062 -4.33839 0.285591
9.93554 -4.30773 0.132309
9.72489 -4.2164 0.0925016
9.771 -4.23639 0.055763
9.78947 -4.2444 0.0186223
9.75277 -4.22849 -0.0185522
9.8077 -4.2523 -0.0559734
9.77076 -4.23629 -0.0929375
9.73371 -4.22022 -0.129621
9.80662 -4.25183 -0.167912
9.93445 -4.30726 -0.207908
9.86951 -4.2791 -0.244117
10.0429 -4.35429 -0.286638
10.042 -4.35387 -0.324845
9.62821 -4.17448 -0.34813
9.95628 -4.27756 0.283759
9.85789 -4.23529 -0.131087
9.77473 -4.19956 -0.167126
9.94868 -4.27429 -0.207908
9.88365 -4.24635 -0.244117
9.80014 -4.21047 -0.279308
9.79919 -4.21006 -0.316538
9.9634 -4.28062 -0.359734
10.1295 -4.31224 -0.134508
10.1566 -4.32378 -0.173409
9.8524 -4.19428 -0.205604
9.94367 -4.23313 -0.245251
9.77524 -4.16143 -0.35244
10.1437 -4.27862 -0.134508
10.1709 -4.29007 -0.173409
9.86626 -4.16158 -0.205604
9.95765 -4.20013 -0.245251
9.78898 -4.12899 -0.35244
10.1523 -4.24472 -0.365039
10.7181 -4.27607 -0.100704
13.4178 -5.35318 -0.327833
12.7036 -4.6388 -0.401383
12.8623 -4.64846 -0.310364
12.7189 -4.59665 -0.401383
12.9615 -4.63835 -0.312406
12.9698 -4.64132 -0.360719
12.5746 -4.40601 -0.39545
13.5832 -4.70892 -0.326245
13.8911 -4.76682 -0.333278
13.3037 -4.56524 -0.36831
13.4083 -4.55152 -0.0741425
13.728 -4.66001 -0.278362
13.9068 -4.72073 -0.333278
13.3187 -4.5211 -0.36831
13.5747 -4.55785 -0.124964
13.5837 -4.56086 -0.175068
13.0789 -4.39138 -0.313087
12.7602 -4.23734 -0.35208
12.1942 -4.00688 -0.336112
12.6583 -4.15938 -0.39545
14.0466 -4.56401 -0.128891
12.3785 -4.02202 -0.340824
12.9667 -4.21314 -0.404647
12.5927 -4.04551 -0.300155
12.3537 -3.96872 -0.339777
12.6061 -4.00372 -0.300155
12.3668 -3.92773 -0.339777
12.59 -3.95511 -0.299474
12.627 -3.96676 -0.346583
12.3739 -3.84219 -0.294029
12.9227 -3.96567 -0.259549
12.4343 -3.8158 -0.295164
12.4191 -3.76612 -0.249182
12.7052 -3.85288 -0.301289
13.8587 -4.15517 -0.227286
12.5746 -3.77015 -0.252062
12.6885 -3.80433 -0.300609
12.8598 -3.85568 -0.351557
12.2131 -3.61769 -0.244575
12.4998 -3.70261 -0.295844
13.3785 -3.91468 -0.121648
12.8094 -3.74817 -0.302877
13.3914 -3.87029 -0.121648
12.8218 -3.70567 -0.302877
12.5467 -3.58349 -0.204981
12.2951 -3.51162 -0.290172
12.7842 -3.65134 -0.348154
12.0372 -3.39485 -0.28382
12.1516 -3.42712 -0.330615
12.7611 -3.55336 -0.300609
12.5674 -3.49943 -0.341609
13.9315 -3.82952 -0.226971
13.8631 -3.81073 -0.276059
13.65 -3.75216 -0.321254
13.2344 -3.63791 -0.35941
13.1996 -3.58378 -0.26262
13.5846 -3.6883 -0.319439
13.4615 -3.60701 -0.316263
13.7163 -3.38682 -0.221945
13.1447 -3.10969 -0.259357
13.6038 -3.12569 -0.219275
11.7047 -2.52851 -0.355401
11.7131 -2.48969 -0.355401
12.0242 -2.47259 -0.321453
11.6302 -2.35351 -0.310721
12.187 -2.42414 -0.32538
11.6138 -2.23015 -0.309673
14.1485 -2.62227 -0.125575
12.9754 -2.36037 -0.20718
11.678 -2.04653 -0.310459
11.5587 -2.02563 -0.348281
12.4345 -2.13664 -0.286315
11.9606 -2.0552 -0.317788
11.1614 -1.91789 -0.336118
11.9791 -2.0175 -0.233248
11.988 -2.01902 -0.275879
11.4043 -1.9207 -0.343238
11.5794 -1.91073 -0.307318
10.9471 -1.80639 -0.329294
13.4348 -2.17356 -0.118768
12.338 -1.99612 -0.196342
11.9129 -1.92733 -0.231713
11.3386 -1.83443 -0.300773
11.4658 -1.855 -0.344721
13.8671 -2.19634 -0.0245035
13.116 -2.07737 -0.115888
12.1569 -1.92547 -0.193358
11.2469 -1.78133 -0.25841
11.4138 -1.80776 -0.302606
11.5114 -1.82322 -0.345908
13.7953 -2.13809 -0.0243639
13.1824 -2.0431 -0.0698489
12.0546 -1.8683 -0.19163
11.6883 -1.81153 -0.227105
11.559 -1.79149 -0.265443
11.2616 -1.74541 -0.298417
10.8457 -1.68094 -0.325734
9.9951 -1.54911 -0.335531
12.3781 -1.87643 -0.109256
11.7147 -1.77586 -0.186132
11.5657 -1.75328 -0.22461
11.2584 -1.7067 -0.25841
11.2278 -1.70206 -0.29737
10.5152 -1.59403 -0.315648
10.1583 -1.53992 -0.340836
12.1564 -1.80378 -0.107249
11.3246 -1.68035 -0.179849
11.2151 -1.66411 -0.217699
11.0066 -1.63317 -0.252511
10.3432 -1.53473 -0.273811
10.0258 -1.48763 -0.300815
9.97524 -1.48013 -0.334536
12.1624 -1.76346 -0.107249
11.3301 -1.64279 -0.179849
11.2206 -1.62691 -0.217699
11.012 -1.59666 -0.252511
10.3482 -1.50042 -0.273811
10.0306 -1.45437 -0.300815
9.98009 -1.44704 -0.334536
11.5836 -1.64033 -0.142938
11.1969 -1.58558 -0.17765
11.315 -1.60231 -0.219426
10.5322 -1.49145 -0.241394
10.0859 -1.42825 -0.266743
10.0651 -1.42531 -0.301705
9.49994 -1.34528 -0.31829
11.7379 -1.62251 -0.103409
11.2819 -1.55947 -0.139151
11.3011 -1.56213 -0.179221
10.6765 -1.47579 -0.206948
10.4578 -1.44557 -0.239579
10.1797 -1.40712 -0.269099
9.85195 -1.36181 -0.295178
9.69246 -1.33977 -0.32459
12.0505 -1.62715 -0.0636704
11.3862 -1.53746 -0.100268
11.1183 -1.50127 -0.137074
11.088 -1.49719 -0.175765
10.6117 -1.43288 -0.205604
10.3335 -1.39531 -0.23663
10.0949 -1.36309 -0.266743
9.87599 -1.33353 -0.295772
9.71643 -1.31199 -0.325253
11.8973 -1.56631 -0.0209432
11.5303 -1.518 -0.0608953
11.3219 -1.49055 -0.099657
11.143 -1.467 -0.137318
10.4981 -1.3821 -0.166341
10.438 -1.37419 -0.202149
10.239 -1.34799 -0.234361
9.99034 -1.31525 -0.263864
9.68215 -1.27468 -0.289838
9.71082 -1.27845 -0.324921
11.1782 -1.43395 -0.0590103
10.8507 -1.39193 -0.0954682
11.0288 -1.41478 -0.135852
10.4828 -1.34474 -0.166027
10.6012 -1.35992 -0.20522
9.9955 -1.28223 -0.228689
10.2029 -1.30883 -0.269361
9.5971 -1.23112 -0.287169
9.53656 -1.22335 -0.318953
11.0934 -1.38568 -0.0975626
10.3984 -1.29888 -0.128033
10.1201 -1.26411 -0.160215
10.2485 -1.28015 -0.198309
10.1485 -1.26766 -0.232092
9.92941 -1.24029 -0.262031
9.86893 -1.23274 -0.295178
9.06453 -1.13226 -0.303039
10.5219 -1.28075 -0.0925012
10.4223 -1.26862 -0.128277
10.4119 -1.26735 -0.16477
10.1631 -1.23707 -0.196581
10.2318 -1.24544 -0.233908
9.64548 -1.17406 -0.25444
9.88267 -1.20294 -0.295475
9.80222 -1.19314 -0.327574
10.7347 -1.27053 -0.0943338
10.9527 -1.29634 -0.134752
10.3564 -1.22576 -0.163828
10.4054 -1.23156 -0.201189
9.94799 -1.17742 -0.227328
9.81808 -1.16205 -0.25889
9.92631 -1.17486 -0.296662
9.04188 -1.07018 -0.302044
10.8779 -1.25092 -0.0955555
10.7086 -1.23145 -0.131698
10.3604 -1.19141 -0.163828
10.1016 -1.16164 -0.195238
10.1207 -1.16384 -0.231185
10.0205 -1.15232 -0.264126
10.0394 -1.15449 -0.299925
9.42268 -1.08358 -0.314643
11.0711 -1.23595 -0.0583296
10.9515 -1.22261 -0.0961664
10.4145 -1.16265 -0.128033
10.1159 -1.12932 -0.159901
10.165 -1.13479 -0.196389
10.2238 -1.14137 -0.233454
9.85538 -1.10023 -0.259675
9.56633 -1.06796 -0.285685
9.21764 -1.02904 -0.307681
11.6517 -1.26372 0.0204549
10.7466 -1.16555 -0.0943338
10.8456 -1.17629 -0.133286
10.1387 -1.09962 -0.195813
10.0187 -1.0866 -0.228689
9.91841 -1.07573 -0.261246
9.39077 -1.01851 -0.280345
9.03203 -0.979598 -0.301381
10.9294 -1.14872 -0.0959046
10.7699 -1.13196 -0.132309
10.3113 -1.08376 -0.199077
10.2111 -1.07323 -0.233
9.42484 -0.99059 -0.248158
9.69232 -1.0187 -0.289245
9.62168 -1.01128 -0.320943
10.5352 -1.07198 -0.092414
10.3657 -1.05474 -0.1273
10.1358 -1.03134 -0.195622
10.0654 -1.02418 -0.229597
10.0447 -1.02207 -0.264387
9.27697 -0.943956 -0.309338
10.8375 -1.06645 -0.0570206
10.7377 -1.05663 -0.0941593
10.1602 -0.999794 -0.124735
10.3885 -1.02227 -0.163985
10.2188 -1.00556 -0.197157
10.2777 -1.01136 -0.234361
8.94187 -0.879909 -0.298066
12.1939 -1.16125 0.149657
11.2889 -1.07507 0.0197917
10.8209 -1.0305 -0.0569159
10.6713 -1.01625 -0.0935484
10.5415 -1.00389 -0.129377
10.0931 -0.961187 -0.159273
10.0029 -0.952598 -0.192934
10.1614 -0.967693 -0.231639
9.59131 -0.913402 -0.319617
12.1778 -1.11898 0.149413
12.1683 -1.11811 0.106639
11.352 -1.0431 0.05969
11.3322 -1.04129 0.0198615
11.0234 -1.01291 -0.0579631
10.4157 -0.957071 -0.0912795
10.4651 -0.96161 -0.1284
10.2954 -0.94601 -0.162414
10.1553 -0.933145 -0.195813
9.82606 -0.902889 -0.223925
9.49476 -0.872446 -0.316301
12.4802 -1.10505 0.153078
12.0026 -1.06276 0.105155
11.4849 -1.01692 0.0603706
11.4352 -1.01252 0.020036
11.0167 -0.975466 -0.0579107
10.4985 -0.929581 -0.0919776
10.3587 -0.9172 -0.127056
10.4777 -0.927738 -0.165242
9.88948 -0.875654 -0.19063
9.78917 -0.866772 -0.223018
9.7485 -0.863171 -0.256272
9.55838 -0.846337 -0.284795
9.23875 -0.818036 -0.307681
12.165 -1.03649 0.149169
12.3149 -1.04927 0.10786
11.0797 -0.944022 -0.0582249
10.7307 -0.914287 -0.0939847
10.7602 -0.9168 -0.131943
10.3213 -0.879406 -0.162728
10.1912 -0.868318 -0.196389
9.93145 -0.846188 -0.226194
9.79116 -0.834234 -0.25732
9.63085 -0.820576 -0.286872
9.38083 -0.799273 -0.312322
13.0936 -1.07419 0.252254
12.7257 -1.044 0.200584
11.8896 -0.975414 0.104108
11.0527 -0.906757 0.0580668
11.0927 -0.910038 -0.0194248
11.0726 -0.908392 -0.0581725
10.8432 -0.889565 -0.0949446
10.045 -0.824085 -0.15833
9.99457 -0.819947 -0.19255
9.65507 -0.792095 -0.219841
9.78377 -0.802653 -0.257058
9.09543 -0.746182 -0.270852
8.85536 -0.726487 -0.29475
12.1615 -0.95713 0.149047
11.7731 -0.926567 0.103061
11.6438 -0.91639 0.061156
9.89817 -0.779003 -0.155974
10.1567 -0.799351 -0.195622
9.65764 -0.760073 -0.219841
9.92589 -0.781185 -0.260723
9.17757 -0.72229 -0.273225
9.21641 -0.725348 -0.306686
13.4294 -1.01212 0.258589
12.3939 -0.934079 0.151857
10.1599 -0.765712 -0.160058
10.1294 -0.763411 -0.195046
10.0489 -0.757345 -0.228689
9.40011 -0.708448 -0.246849
8.91079 -0.67157 -0.265216
8.45137 -0.636945 -0.281156
10.1225 -0.729143 -0.15943
10.1418 -0.730535 -0.195238
10.0115 -0.721144 -0.227782
9.43232 -0.679427 -0.247634
9.82022 -0.707368 -0.292212
10.7338 -0.739284 -0.131454
10.3043 -0.709705 -0.162257
10.4134 -0.717219 -0.200421
9.98377 -0.687628 -0.227101
9.75354 -0.671771 -0.256011
9.74262 -0.671019 -0.289838
9.47234 -0.652403 -0.314975
10.4468 -0.68472 -0.127911
9.96738 -0.653297 -0.156917
10.0865 -0.661104 -0.194086
9.85631 -0.646017 -0.224152
9.30683 -0.610002 -0.244231
9.26603 -0.607328 -0.275599
8.94587 -0.586344 -0.297403
10.5395 -0.655701 -0.0552927
10.0099 -0.622754 -0.122536
9.91959 -0.617136 -0.156131
9.91899 -0.617098 -0.190822
9.33953 -0.581048 -0.212354
8.96958 -0.558031 -0.235331
9.37773 -0.583424 -0.278862
8.71834 -0.542401 -0.289777
10.3912 -0.611893 -0.127178
10.1312 -0.596581 -0.15943
10.0408 -0.591255 -0.193126
9.67075 -0.569467 -0.219841
8.73188 -0.514181 -0.229048
8.45163 -0.497679 -0.251272
8.64027 -0.508787 -0.287124
9.83352 -0.548058 -0.154718
9.51348 -0.530221 -0.182951
9.53275 -0.531295 -0.216665
9.24248 -0.515117 -0.242399
9.19168 -0.512286 -0.273225
8.77155 -0.48887 -0.291435
10.1049 -0.529575 -0.158959
9.61503 -0.503902 -0.184871
9.79403 -0.513284 -0.222564
9.20421 -0.482372 -0.241352
9.39297 -0.492265 -0.279159
9.17236 -0.480703 -0.304697
10.9568 -0.537793 -0.0191456
10.6268 -0.521596 -0.0928503
10.4866 -0.514714 -0.128277
10.2065 -0.500964 -0.160529
9.97615 -0.48966 -0.191782
10.3149 -0.506288 -0.234361
9.62511 -0.47243 -0.252346
9.4245 -0.462584 -0.280049
9.22381 -0.452733 -0.306354
10.9585 -0.501457 -0.0191456
10.9784 -0.502365 -0.0575442
10.7983 -0.494125 -0.0943338
10.5282 -0.481765 -0.128766
9.6587 -0.441978 -0.15189
9.94775 -0.455205 -0.191206
9.54673 -0.436854 -0.250252
9.36607 -0.428587 -0.278269
9.2652 -0.423971 -0.307681
9.68049 -0.412503 -0.118382
9.9897 -0.425679 -0.157074
9.9791 -0.425228 -0.191782
9.55805 -0.407286 -0.250514
8.898 -0.37916 -0.264326
9.41627 -0.401244 -0.312654
10.8616 -0.426754 0.0189714
10.2813 -0.403953 -0.125712
9.85118 -0.387054 -0.154875
9.95049 -0.390956 -0.191206
9.09986 -0.357534 -0.238472
9.26876 -0.364171 -0.275302
9.10796 -0.357853 -0.302376
9.92284 -0.356917 -0.121314
9.78246 -0.351868 -0.153775
9.7419 -0.350409 -0.187175
9.48143 -0.34104 -0.215304
8.85038 -0.318342 -0.262842
8.57973 -0.308607 -0.284804
11.9627 -0.390574 0.146237
11.2736 -0.368074 0.0984356
10.1142 -0.330222 -0.0883125
10.3937 -0.339346 -0.127056
10.2433 -0.334435 -0.161001
9.73302 -0.317776 -0.186983
9.69234 -0.316448 -0.220068
9.00124 -0.293884 -0.267292
8.63065 -0.281784 -0.286461
11.824 -0.348862 0.144526
11.3646 -0.335309 0.099221
10.635 -0.313781 -0.0928503
10.0549 -0.296665 -0.122902
10.0644 -0.296946 -0.158173
9.90386 -0.29221 -0.190246
9.56337 -0.282164 -0.217119
9.39178 -0.277101 -0.278862
8.96117 -0.264396 -0.297403
11.3353 -0.296824 0.13854
11.3157 -0.296312 0.0987847
10.406 -0.272492 -0.0908432
10.3357 -0.270649 -0.126323
10.1253 -0.26514 -0.159116
9.6649 -0.253084 -0.185639
9.64421 -0.252543 -0.218934
9.4835 -0.248334 -0.248419
9.21278 -0.241245 -0.273522
8.81213 -0.230754 -0.292429
12.3253 -0.281851 0.193672
10.4169 -0.238211 -0.0909304
10.4265 -0.238431 -0.127422
9.99615 -0.22859 -0.157074
9.47577 -0.21669 -0.181991
9.71496 -0.22216 -0.220522
9.5942 -0.219398 -0.251299
9.17356 -0.209779 -0.272335
9.17255 -0.209756 -0.304365
10.1777 -0.198975 -0.0888361
10.3972 -0.203268 -0.127056
9.8569 -0.192704 -0.154875
9.55641 -0.18683 -0.183527
9.74563 -0.190529 -0.221203
9.45495 -0.184846 -0.247634
9.06428 -0.177208 -0.269072
8.6336 -0.168789 -0.286461
10.4182 -0.170937 -0.0909304
10.4678 -0.171751 -0.127911
9.99742 -0.164033 -0.157074
9.50697 -0.155986 -0.182567
9.57625 -0.157123 -0.217346
9.2156 -0.151206 -0.241352
9.11476 -0.149551 -0.270555
8.764 -0.143796 -0.290772
10.2087 -0.13364 -0.0890979
10.0584 -0.131672 -0.122902
9.52801 -0.124728 -0.149691
9.79735 -0.128254 -0.188135
9.24683 -0.121048 -0.209859
9.13609 -0.119598 -0.239257
9.1252 -0.119455 -0.270852
8.52458 -0.111593 -0.282814
12.7261 -0.124387 0.28881
9.7688 -0.0954817 -0.119359
9.72833 -0.0950862 -0.152833
9.55778 -0.0934192 -0.183527
9.32715 -0.091165 -0.211674
9.15642 -0.0894962 -0.239781
9.06557 -0.0886083 -0.269072
8.93466 -0.0873287 -0.296408
10.6398 -0.0687097 0.01857
9.96905 -0.0643784 -0.121803
9.60861 -0.0620507 -0.150948
9.57803 -0.0618533 -0.183911
9.18744 -0.0593309 -0.208498
9.25663 -0.0597777 -0.242399
9.12579 -0.0589327 -0.270852
8.84495 -0.0571191 -0.293424
10.5199 -0.0348856 0.0183605
10.1492 -0.0336562 -0.124002
9.82873 -0.0325935 -0.154403
9.43821 -0.0312985 -0.181223
9.74744 -0.0323239 -0.221203
9.21679 -0.0305642 -0.241352
9.005 -0.0298619 -0.298729
11.13 0 0.0194252
9.97925 0 -0.121925
9.7588 0 -0.153304
9.49825 0 -0.182375
9.36759 0 -0.212581
9.11687 0 -0.238734
8.77517 0 -0.291103
10.8195 0.0358791 0.0944214
10.8099 0.0358473 0.0188667
9.87921 0.0327609 -0.120703
9.96872 0.0330577 -0.156602
9.94811 0.0329894 -0.191014
9.63747 0.0319593 -0.218707
9.30676 0.0308626 -0.243708
8.87507 0.029431 -0.294419
11.3293 0.0751398 0.0988719
10.8897 0.0722244 0.0190063
9.87905 0.0655211 -0.120703
9.52861 0.0631969 -0.149691
9.84797 0.065315 -0.189094
9.22742 0.0611993 -0.209405
9.40657 0.0623875 -0.246325
8.73596 0.0579398 -0.259282
8.55511 0.0567403 -0.283809
12.0279 0.117563 0.18896
10.7695 0.105262 0.0187969
9.93878 0.0971431 -0.121436
9.57836 0.0936203 -0.150477
9.40782 0.0919534 -0.180648
9.33715 0.0912627 -0.211901
8.89653 0.0869559 -0.232975
8.91565 0.0871428 -0.264622
8.67481 0.0847889 -0.287788
13.2243 0.173116 0.346322
11.6269 0.152204 0.223266
11.6876 0.152999 0.183619
11.3786 0.148954 0.0993083
10.7189 0.140319 0.0561295
10.8391 0.141891 0.018919
10.0688 0.131807 -0.0878761
9.62846 0.126043 -0.117649
9.23807 0.120933 -0.145136
9.47744 0.124066 -0.181991
9.3268 0.122094 -0.211674
9.01614 0.118028 -0.236116
9.00526 0.117885 -0.267292
9.07423 0.118788 -0.30105
12.0469 0.19766 0.189274
10.8077 0.177329 0.132065
11.308 0.185538 0.0986974
10.8184 0.177504 0.0566531
10.9885 0.180295 0.0191808
9.92829 0.162899 -0.0866544
9.89793 0.162401 -0.120947
9.83746 0.161409 -0.154561
9.60694 0.157627 -0.184487
9.53626 0.156467 -0.216438
9.03569 0.148254 -0.23664
8.96485 0.147091 -0.266106
8.44422 0.138549 -0.280162
11.0374 0.217711 0.0963412
10.8077 0.21318 0.0566008
10.288 0.202928 -0.0179588
10.2972 0.20311 -0.125834
9.46699 0.186734 -0.148749
9.93623 0.19599 -0.190822
9.47572 0.186906 -0.215077
9.23504 0.182159 -0.241875
8.77443 0.173074 -0.260469
8.80344 0.173646 -0.292098
10.9467 0.250327 0.0955558
10.4872 0.23982 -0.0183078
9.85669 0.225401 -0.120459
9.75624 0.223104 -0.153304
9.36582 0.214176 -0.17988
9.51506 0.217588 -0.215984
9.22443 0.210942 -0.241613
8.49404 0.19424 -0.252162
8.69294 0.198788 -0.288451
9.95584 0.260703 -0.12168
9.4356 0.24708 -0.148278
9.65491 0.252823 -0.185447
9.06456 0.237364 -0.205775
9.26365 0.242577 -0.24266
8.58328 0.224761 -0.254832
8.35254 0.218719 -0.277178
10.0249 0.295781 -0.122536
9.75455 0.287804 -0.153304
9.50411 0.280415 -0.182567
9.12368 0.269191 -0.207136
9.13289 0.269463 -0.239257
8.93218 0.263541 -0.265216
8.84129 0.260859 -0.293424
10.0538 0.330007 -0.122902
9.3638 0.307357 -0.147178
9.38322 0.307994 -0.180264
9.41251 0.308956 -0.213716
9.04203 0.296795 -0.236902
8.81137 0.289224 -0.261656
8.77045 0.287881 -0.291103
9.51267 0.342164 -0.149534
9.31226 0.334956 -0.17892
9.25163 0.332775 -0.210086
8.97112 0.322685 -0.235069
8.86037 0.318701 -0.263139
8.63966 0.310762 -0.286793
9.23174 0.362716 -0.145136
8.96143 0.352096 -0.172201
8.99075 0.353247 -0.204187
8.69031 0.341443 -0.22774
8.87924 0.348866 -0.263732
8.61861 0.338626 -0.28613
10.5604 0.449997 0.0184478
10.3706 0.441909 -0.0181159
10.3605 0.441477 -0.0542978
10.1004 0.430398 -0.0882252
9.82035 0.418463 -0.120092
8.91081 0.379706 -0.14011
9.32981 0.39756 -0.179304
9.14934 0.38987 -0.207817
9.20848 0.39239 -0.241352
8.71825 0.3715 -0.258986
8.28792 0.353163 -0.275189
10.5189 0.483179 0.018378
10.1992 0.468496 -0.0178192
10.4588 0.48042 -0.0548214
10.3387 0.474903 -0.0903196
9.94877 0.456991 -0.12168
9.38894 0.431276 -0.147649
9.36839 0.430332 -0.180072
8.99819 0.413327 -0.204414
8.69784 0.399531 -0.228001
8.84677 0.406372 -0.262842
7.94724 0.365052 -0.263916
10.4474 0.512791 0.0182558
9.958 0.48877 -0.0174003
9.63826 0.473076 -0.0505279
10.1374 0.497576 -0.0885743
9.59773 0.471087 -0.117404
9.67715 0.474985 -0.152204
9.52677 0.467604 -0.183143
8.51755 0.418068 -0.193524
8.56675 0.420483 -0.224598
8.72565 0.428282 -0.259282
8.15569 0.400307 -0.270878
9.56651 0.501359 -0.0836002
10.0754 0.52803 -0.123269
9.60563 0.50341 -0.151105
9.46526 0.496053 -0.181991
9.10516 0.477181 -0.206909
9.0944 0.476617 -0.238472
8.87391 0.465062 -0.263732
8.70326 0.456119 -0.289114
9.99374 0.556987 -0.122291
9.61389 0.535817 -0.151262
9.51348 0.53022 -0.182951
9.54273 0.531851 -0.216892
9.42214 0.52513 -0.247111
8.75256 0.487811 -0.260172
7.90338 0.440484 -0.26259
10.9808 0.648536 0.0191983
9.20283 0.543525 -0.144822
9.31205 0.549976 -0.179112
9.43113 0.557009 -0.214396
9.28064 0.548121 -0.243446
9.16998 0.541585 -0.272632
8.71002 0.51442 -0.289445
10.8177 0.673013 0.170268
11.0083 0.684868 0.096254
10.8988 0.678055 0.0571767
10.6494 0.66254 0.0186223
9.31085 0.579263 -0.14655
9.72939 0.605303 -0.187175
9.2198 0.573599 -0.209632
8.97955 0.558652 -0.235593
8.83804 0.549848 -0.293755
10.647 0.697842 0.0558677
10.4675 0.686078 0.0183082
9.22906 0.604904 -0.145293
9.24845 0.606175 -0.17796
8.97842 0.588477 -0.204187
8.93775 0.585811 -0.234546
8.527 0.558889 -0.283477
11.8505 0.816195 0.186604
11.3323 0.780507 0.138784
10.7142 0.737936 0.0937233
10.1659 0.700172 -0.0177843
9.4664 0.651994 -0.149063
8.95712 0.616918 -0.172393
8.82681 0.607943 -0.200784
8.75625 0.603083 -0.229834
9.10341 0.626994 -0.302707
11.2194 0.810122 0.176708
10.8809 0.785676 0.133287
10.8513 0.783545 0.094945
9.96392 0.719467 -0.0523081
9.91381 0.715849 -0.0867417
9.60381 0.693464 -0.151262
8.94506 0.645898 -0.172201
8.69512 0.62785 -0.197834
8.62458 0.622757 -0.226431
8.79322 0.634934 -0.261656
8.91188 0.643502 -0.296408
11.3968 0.858932 0.13964
10.9186 0.822892 0.0955558
9.73203 0.733463 -0.0851709
9.85133 0.742454 -0.120703
9.98046 0.752187 -0.157231
9.26202 0.698041 -0.178344
8.97224 0.676201 -0.204187
8.84189 0.666377 -0.23219
8.39249 0.632508 -0.249789
8.30188 0.625679 -0.276183
11.0544 0.870004 0.174195
11.0749 0.871616 0.13573
10.7464 0.845757 0.0940723
9.8392 0.774362 -0.0861309
9.66938 0.760996 -0.118504
9.3898 0.738994 -0.147963
9.64838 0.759344 -0.185831
9.10948 0.716932 -0.207363
8.99908 0.708243 -0.236378
8.38038 0.659551 -0.249492
8.22005 0.646932 -0.273531
10.6135 0.870727 0.13011
10.7834 0.884659 0.0944214
9.6967 0.79551 -0.11887
9.42716 0.773397 -0.148592
9.55613 0.783977 -0.184103
9.49565 0.779015 -0.216211
9.11624 0.747889 -0.239519
8.53755 0.700414 -0.254239
8.42704 0.691348 -0.280493
10.4811 0.894861 0.128522
10.7804 0.920413 0.0944214
10.7507 0.917884 0.056496
9.51467 0.81235 -0.116671
9.21533 0.786793 -0.145293
9.20481 0.785894 -0.177384
9.14437 0.780734 -0.208271
9.00414 0.768762 -0.23664
9.07298 0.774639 -0.270259
8.35499 0.713338 -0.278173
10.8671 0.962214 0.0952068
10.5785 0.93666 0.0556059
9.60172 0.850174 -0.117771
9.50165 0.841314 -0.149848
8.79397 0.778653 -0.169513
8.89291 0.787414 -0.202599
8.83241 0.782056 -0.23219
8.78176 0.777572 -0.261656
8.46222 0.749279 -0.28182
10.5651 0.970795 0.0925888
10.4359 0.958924 0.0548729
10.4559 0.960766 0.0183256
9.25034 0.849987 -0.113495
8.79187 0.80786 -0.138696
9.08007 0.834341 -0.17508
8.6115 0.791285 -0.196246
8.91936 0.819574 -0.234546
8.84881 0.813091 -0.263732
8.40993 0.772764 -0.280162
10.7609 1.02478 0.0943341
10.5921 1.00871 0.01857
9.58591 0.912888 -0.117649
9.2072 0.876822 -0.145293
9.25641 0.881508 -0.178536
9.06663 0.863436 -0.206683
8.82702 0.840617 -0.23219
8.91572 0.849064 -0.265809
8.56651 0.815808 -0.285467
10.5978 1.04473 0.13011
10.3299 1.01832 0.0181162
9.36391 0.92309 -0.114961
9.08484 0.895579 -0.143408
9.25343 0.912199 -0.178536
8.90453 0.877805 -0.203053
8.92367 0.879691 -0.234807
8.74375 0.861955 -0.260766
8.46429 0.834406 -0.282151
9.98841 1.01635 0.0175228
9.27143 0.943393 -0.113862
9.22124 0.938286 -0.145607
8.95212 0.910902 -0.172777
8.91168 0.906787 -0.203279
8.44349 0.859148 -0.222242
8.73105 0.888408 -0.260469
8.75992 0.891346 -0.292098
10.7898 1.13405 0.132554
10.4918 1.10273 0.0920652
10.4722 1.10067 0.0551347
10.2933 1.08187 0.0180638
9.50727 0.999254 -0.0834256
9.30803 0.978313 -0.11435
8.99931 0.945866 -0.142152
9.12803 0.959395 -0.176232
9.09753 0.956189 -0.20759
8.75874 0.92058 -0.230619
8.52924 0.896459 -0.254536
10.4682 1.13536 0.0918907
10.2698 1.11384 0.0180289
9.71267 1.05342 -0.0852582
9.71231 1.05338 -0.119359
9.2347 1.00158 -0.145921
8.93594 0.969175 -0.172585
8.53772 0.925985 -0.194885
8.62644 0.935607 -0.227216
8.41691 0.912883 -0.251272
9.93805 1.11122 0.017453
9.38118 1.04895 -0.0823784
9.49015 1.06114 -0.116671
9.20152 1.02886 -0.14545
9.09166 1.01658 -0.175656
8.75318 0.978733 -0.199876
8.73257 0.976428 -0.230096
8.69198 0.97189 -0.259579
10.9564 1.25995 0.173253
10.3816 1.19384 0.0182384
9.7454 1.12069 -0.0856073
9.73511 1.1195 -0.119726
9.22804 1.06119 -0.145921
9.13808 1.05085 -0.176616
8.85932 1.01879 -0.202372
8.75925 1.00728 -0.230881
8.41084 0.967218 -0.251272
8.46949 0.973962 -0.282814
10.6846 1.26461 0.131454
10.03 1.18713 0.0176275
9.45331 1.11887 -0.116305
9.16489 1.08474 -0.144979
8.89625 1.05294 -0.172009
9.00481 1.06579 -0.205775
8.68637 1.0281 -0.229048
8.45722 1.00098 -0.252756
8.49599 1.00557 -0.283809
11.4525 1.39402 0.261812
11.0769 1.34829 0.175295
10.6506 1.29641 0.131088
10.6708 1.29887 0.0938105
10.4528 1.27234 0.018378
9.2014 1.12001 -0.113251
8.97266 1.09217 -0.141995
8.92249 1.08606 -0.172585
8.73328 1.06303 -0.199649
8.60353 1.04724 -0.226954
8.42409 1.02539 -0.251866
8.57198 1.0434 -0.286461
10.8248 1.35406 0.133287
10.6367 1.33053 0.0935487
10.3194 1.29084 0.054454
10.2997 1.28837 0.0181162
9.49529 1.18775 -0.116916
9.32616 1.16659 -0.147649
9.09741 1.13798 -0.17604
8.73962 1.09323 -0.199876
8.59009 1.07452 -0.226692
8.36113 1.04588 -0.250086
8.25112 1.03212 -0.275852
10.7709 1.3817 0.132676
10.811 1.38684 0.0951195
10.5038 1.34743 0.0554488
10.1865 1.30673 0.0179242
9.41216 1.2074 -0.115938
9.00509 1.15518 -0.142623
9.07396 1.16401 -0.175656
8.71631 1.11813 -0.199423
8.41811 1.07988 -0.222242
8.58583 1.10139 -0.256909
8.52541 1.09364 -0.285135
10.5878 1.39392 0.130477
10.3106 1.35742 0.0907562
10.4199 1.37181 0.05503
10.3804 1.36661 0.0182733
9.62621 1.26731 -0.118626
9.30852 1.22549 -0.147492
9.19891 1.21106 -0.178152
8.80177 1.15877 -0.201464
8.67217 1.14171 -0.229048
8.4533 1.1129 -0.253052
7.59029 0.999281 -0.253969
10.494 1.41698 0.129377
10.5439 1.42372 0.0928506
10.3063 1.39164 0.054454
10.138 1.36891 0.0178544
9.51295 1.28451 -0.117282
9.33413 1.26036 -0.147963
9.15521 1.23621 -0.177384
8.86723 1.19732 -0.203053
8.35132 1.12766 -0.220672
8.18211 1.10481 -0.245043
7.89398 1.0659 -0.264247
10.202 1.41201 0.125834
10.5589 1.46142 0.0930251
9.99459 1.38331 0.0528309
10.2027 1.41212 0.0179766
9.09264 1.25847 -0.112151
9.25066 1.28034 -0.146707
8.96289 1.24052 -0.173736
8.8434 1.22398 -0.202599
8.71392 1.20606 -0.230357
8.27741 1.14564 -0.248009
8.0092 1.10852 -0.268226
10.4256 1.47636 0.0918907
10.3268 1.46237 0.0546111
10.1685 1.43996 0.0179242
9.66322 1.3684 -0.0851709
9.12824 1.29264 -0.11264
9.306 1.31781 -0.147649
9.18664 1.30091 -0.178152
8.85931 1.25456 -0.203053
8.29438 1.17456 -0.219363
8.29357 1.17444 -0.248602
8.37183 1.18553 -0.280493
10.3514 1.50088 0.0912798
10.1043 1.46506 0.0178195
9.27268 1.34447 -0.0817676
9.32182 1.3516 -0.115083
8.8266 1.2798 -0.14011
8.82606 1.27972 -0.171241
8.5286 1.23659 -0.195566
8.40915 1.21927 -0.222504
8.35887 1.21198 -0.250679
8.25905 1.1975 -0.276846
10.3463 1.53519 0.0912798
9.26817 1.37522 -0.0817676
9.31729 1.3825 -0.115083
8.82231 1.30906 -0.14011
8.82177 1.30898 -0.171241
8.52445 1.26486 -0.195566
8.40507 1.24715 -0.222504
8.35481 1.23969 -0.250679
8.25503 1.22489 -0.276846
10.0446 1.52448 0.0886619
8.9963 1.36538 -0.111174
8.88712 1.34881 -0.141209
8.68888 1.31872 -0.168745
8.73766 1.32613 -0.200557
8.58867 1.30351 -0.227478
8.18265 1.24189 -0.245636
7.86555 1.19377 -0.263916
9.30817 1.44264 -0.115083
8.59629 1.33231 -0.136654
9.06014 1.4042 -0.17604
8.76309 1.35816 -0.201238
8.45611 1.31059 -0.224075
8.41577 1.30433 -0.252756
8.33584 1.29195 -0.27983
9.36259 1.48289 -0.115816
8.9276 1.41399 -0.141995
8.81843 1.3967 -0.171433
8.40306 1.33091 -0.19307
8.56032 1.35582 -0.226954
8.33242 1.31973 -0.250382
7.97613 1.2633 -0.267894
9.86163 1.59547 0.0523073
9.47676 1.5332 0.0167549
9.30826 1.50594 -0.115205
9.02157 1.45956 -0.143565
8.90258 1.44031 -0.173161
8.68481 1.40508 -0.199649
8.64459 1.39857 -0.22931
8.53521 1.38087 -0.256612
8.21856 1.32964 -0.276183
10.2115 1.68684 0.0541922
9.3927 1.55158 0.0166152
9.24403 1.52702 -0.114472
8.99695 1.48621 -0.143251
9.06545 1.49752 -0.176424
8.69983 1.43713 -0.200103
8.53142 1.40931 -0.226431
8.34321 1.37822 -0.250976
7.97744 1.3178 -0.268226
10.3442 1.74216 0.0549252
10.0485 1.69236 0.0177846
9.07156 1.52783 -0.112396
8.94293 1.50616 -0.142466
8.82408 1.48615 -0.171817
8.6657 1.45947 -0.199423
8.61567 1.45105 -0.228787
8.47683 1.42766 -0.255129
7.99297 1.34617 -0.268889
10.4169 1.78996 0.0922398
9.88511 1.69857 0.0175053
9.05658 1.55621 -0.112273
8.99702 1.54597 -0.143408
9.16398 1.57466 -0.178536
8.57213 1.47296 -0.197381
8.48273 1.4576 -0.225384
8.27503 1.42191 -0.249196
8.32337 1.43022 -0.280162
10.5386 1.84686 0.130721
10.0958 1.76925 0.0894473
9.93852 1.7417 0.0176101
9.26805 1.6242 -0.114961
8.98199 1.57407 -0.143251
8.86327 1.55326 -0.172777
8.77399 1.53762 -0.202145
8.39908 1.47192 -0.223289
8.44749 1.4804 -0.254536
8.15123 1.42848 -0.274525
10.6308 1.89939 0.131943
9.96186 1.77986 0.0883128
9.8441 1.75882 0.017453
8.63264 1.54237 -0.107142
9.37044 1.67419 -0.149534
8.82854 1.57737 -0.172201
8.3555 1.49286 -0.192616
8.59096 1.53493 -0.228525
8.14734 1.45566 -0.245636
8.30386 1.48363 -0.27983
9.74014 1.77184 0.0172785
8.92289 1.62317 -0.110807
8.83392 1.60699 -0.141052
8.81371 1.60331 -0.172009
8.7147 1.5853 -0.201011
8.49759 1.54581 -0.226169
8.26073 1.50272 -0.249196
7.75834 1.41133 -0.261595
10.2255 1.89518 0.0907562
9.06493 1.68009 -0.11264
9.02517 1.67272 -0.144194
8.4741 1.57058 -0.165482
8.34569 1.54678 -0.192616
8.53173 1.58126 -0.227216
8.45227 1.56654 -0.255129
7.675 1.42248 -0.258942
10.3956 1.96239 0.129255
10.563 1.994 0.0938105
9.94423 1.87718 0.0529879
9.34426 1.76393 -0.116183
8.93114 1.68594 -0.14278
8.78323 1.65802 -0.171625
8.60576 1.62452 -0.198742
8.41838 1.58915 -0.224337
8.13272 1.53522 -0.245636
8.29879 1.56657 -0.280162
10.7229 2.06103 0.133409
10.5171 2.02146 0.0934615
9.82993 1.88939 0.052412
9.31906 1.79119 -0.0828148
9.13215 1.75527 -0.113617
8.84695 1.70045 -0.141523
8.64022 1.66072 -0.168937
8.61014 1.65494 -0.198969
8.4916 1.63215 -0.226431
7.93127 1.52445 -0.239703
7.83225 1.50542 -0.264579
10.1963 1.99304 0.126934
10.2163 1.99695 0.0908435
9.98097 1.95095 0.0532497
9.94184 1.9433 0.0176799
9.3919 1.83581 -0.0835129
9.11677 1.78203 -0.113495
8.73362 1.70714 -0.139796
8.84103 1.72813 -0.172969
8.94831 1.7491 -0.206909
8.24116 1.61088 -0.219886
8.10302 1.58388 -0.245043
7.77844 1.52043 -0.262921
10.4936 2.08731 0.130721
10.4548 2.07958 0.0930251
10.0921 2.00745 0.0538781
9.94515 1.97821 0.0176973
9.28768 1.84744 -0.0826402
9.26773 1.84347 -0.11545
8.98288 1.78681 -0.143879
8.81563 1.75354 -0.172585
8.462 1.6832 -0.195793
7.95144 1.58164 -0.212295
8.18595 1.62829 -0.247713
7.50868 1.49357 -0.253969
10.4665 2.11803 0.167755
10.565 2.13796 0.131699
10.095 2.04284 0.0898836
9.36994 1.89612 0.0500558
9.7229 1.96755 0.0173134
9.16356 1.85436 -0.114228
8.80051 1.78089 -0.141052
8.90777 1.80259 -0.174504
8.58376 1.73703 -0.198742
8.09312 1.63774 -0.216222
8.24909 1.6693 -0.249789
7.82696 1.58388 -0.26491
10.5383 2.16896 0.131454
10.4897 2.15896 0.0934615
9.7358 2.00379 0.0520455
9.7653 2.00986 0.0174006
9.0986 1.87264 -0.113495
8.98063 1.84836 -0.144037
8.89195 1.83011 -0.174312
8.43106 1.73525 -0.195339
8.44993 1.73913 -0.225907
8.11623 1.67045 -0.245933
7.57693 1.55946 -0.256622
10.3063 2.15498 0.128644
10.4927 2.19395 0.0935487
10.0133 2.09371 0.0535639
9.85682 2.06099 0.0175752
8.84798 1.85005 -0.110441
9.07265 1.89703 -0.145607
8.2011 1.71479 -0.160874
8.44514 1.76582 -0.195793
8.7184 1.82296 -0.233237
8.24792 1.72458 -0.250086
7.52308 1.57302 -0.254964
10.1426 2.15588 0.12669
10.231 2.17467 0.0912798
9.89872 2.10404 0.0529879
9.89884 2.10406 0.0176624
8.6954 1.84826 -0.0775789
9.43842 2.0062 -0.117893
8.8218 1.87513 -0.14168
8.68435 1.84592 -0.170473
8.47836 1.80213 -0.1967
8.09629 1.72092 -0.216745
8.28126 1.76024 -0.251272
7.58625 1.61251 -0.257285
10.0478 2.17058 0.0897091
9.9992 2.16008 0.0535639
9.75496 2.10732 0.0174181
9.55936 2.06506 -0.0512086
9.15838 1.97844 -0.0817676
9.1385 1.97414 -0.114228
9.04032 1.95294 -0.145293
8.94204 1.9317 -0.175656
8.47233 1.83024 -0.1967
8.09054 1.74776 -0.216745
8.27538 1.78769 -0.251272
7.58086 1.63766 -0.257285
10.0406 2.20389 0.0897091
9.99199 2.19322 0.0535639
9.74792 2.13965 0.0174181
9.55246 2.09675 -0.0512086
9.15177 2.0088 -0.0817676
9.1319 2.00444 -0.114228
9.0338 1.9829 -0.145293
8.93559 1.96135 -0.175656
8.72987 1.91619 -0.202826
8.09446 1.77672 -0.217007
8.09367 1.77655 -0.245933
7.67301 1.68421 -0.2606
10.0824 2.2463 0.0901454
9.73127 2.16807 0.0522025
9.9266 2.21158 0.0177497
9.5263 2.1224 -0.0511038
8.87213 1.97665 -0.0793242
9.00844 2.00702 -0.112762
8.80305 1.96126 -0.14168
8.783 1.9568 -0.172777
8.59695 1.91535 -0.199876
8.42059 1.87605 -0.225907
8.36123 1.86283 -0.254239
7.84328 1.74743 -0.266568
9.54789 2.16047 0.119604
9.51898 2.15392 0.0851712
9.54847 2.1606 0.0512601
9.71439 2.19814 0.0173832
9.32415 2.10984 -0.0500566
9.20688 2.0833 -0.0823784
8.89446 2.01261 -0.111418
8.777 1.98603 -0.141366
8.94224 2.02342 -0.17604
8.43454 1.90854 -0.196246
8.36557 1.89294 -0.224598
8.42325 1.90599 -0.256316
7.73996 1.75137 -0.263253
10.1839 2.3399 0.127667
10.2622 2.3579 0.0918907
9.96033 2.28854 0.0535115
9.74604 2.2393 0.017453
9.2584 2.12726 -0.082902
8.94621 2.05553 -0.112151
8.6924 1.99721 -0.14011
8.73085 2.00605 -0.172009
8.69124 1.99695 -0.202372
8.24233 1.8938 -0.221457
8.34869 1.91824 -0.254239
7.86074 1.80613 -0.267563
9.8648 2.30106 0.0884001
10.089 2.35336 0.0542446
9.37823 2.18756 0.0168072
8.92993 2.08299 -0.0800223
9.1341 2.13061 -0.114595
8.29624 1.93518 -0.133827
8.96757 2.09177 -0.176808
8.53853 1.99169 -0.198969
8.3723 1.95292 -0.225122
8.26441 1.92775 -0.251866
8.2343 1.92073 -0.280493
9.82833 2.32513 0.0881383
10.0135 2.36893 0.0538781
9.80922 2.32061 0.0175926
8.99146 2.12715 -0.0806331
8.53379 2.01888 -0.107142
8.45553 2.00036 -0.136497
8.4161 1.99103 -0.166058
8.83383 2.08986 -0.206002
8.22993 1.94699 -0.221457
8.13186 1.92379 -0.248009
8.09206 1.91437 -0.275852
10.2183 2.45321 0.165085
10.4619 2.51168 0.131454
9.37329 2.25033 0.0841241
9.92776 2.38344 0.0534592
10.0835 2.42082 0.0180987
9.33462 2.24104 -0.0502661
8.88712 2.13361 -0.0797605
8.85763 2.12653 -0.111296
8.61413 2.06807 -0.139167
8.75944 2.10296 -0.172969
8.67131 2.0818 -0.202372
8.45672 2.03028 -0.22774
8.22263 1.97408 -0.250976
7.59975 1.82454 -0.259274
10.1232 2.4659 0.1273
9.83212 2.39499 0.0883128
10.1141 2.46369 0.0545064
9.70617 2.36432 0.0174355
9.12289 2.22223 -0.0819421
8.52993 2.07779 -0.107264
8.73352 2.12739 -0.141209
8.34442 2.03261 -0.164906
8.63522 2.10344 -0.201691
8.61505 2.09853 -0.23219
8.12863 1.98004 -0.248306
8.03064 1.95617 -0.274194
9.43605 2.33169 0.0508936
9.37792 2.31733 0.0168596
9.06693 2.24048 -0.0815058
8.79479 2.17323 -0.110685
8.92055 2.20431 -0.144351
8.47352 2.09385 -0.167593
8.41467 2.0793 -0.1967
8.23927 2.03596 -0.222242
8.22876 2.03337 -0.251569
8.17935 2.02115 -0.279499
9.33167 2.33703 0.05037
9.6422 2.4148 0.0173483
8.97255 2.24709 -0.0807204
8.73943 2.18871 -0.110074
8.6905 2.17645 -0.140738
8.58329 2.1496 -0.169897
8.57296 2.14702 -0.200557
8.18435 2.04969 -0.220934
7.67935 1.92322 -0.234956
7.96936 1.99585 -0.272536
9.35295 2.37535 0.050527
9.75045 2.4763 0.0175577
8.82936 2.24237 -0.0794987
8.93564 2.26936 -0.11264
8.59602 2.18311 -0.139324
8.62457 2.19036 -0.170857
8.33324 2.11637 -0.195112
8.23564 2.09159 -0.222504
8.20577 2.084 -0.251272
7.93364 2.01489 -0.271541
9.51933 2.45123 0.0514695
9.39356 2.41885 0.0169294
9.27701 2.38884 -0.0836002
8.69567 2.23914 -0.109708
8.86953 2.28391 -0.143879
8.16219 2.10177 -0.161834
8.66503 2.23125 -0.203053
8.51908 2.19367 -0.230357
8.21818 2.11619 -0.251866
7.76237 1.99882 -0.265905
9.51115 2.48279 0.0514695
9.38548 2.44998 0.0169294
9.26903 2.41959 -0.0836002
8.68819 2.26796 -0.109708
8.86191 2.31331 -0.143879
8.15517 2.12882 -0.161834
8.65759 2.25997 -0.203053
8.51176 2.22191 -0.230357
8.21111 2.14343 -0.251866
7.7557 2.02455 -0.265905
9.51309 2.51524 0.0171737
8.9617 2.36946 -0.0808949
9.16438 2.42304 -0.115816
8.8256 2.33347 -0.143408
8.3321 2.20299 -0.165482
8.33149 2.20283 -0.195566
8.01185 2.11832 -0.217007
8.04006 2.12578 -0.246822
7.99086 2.11277 -0.274194
9.7748 2.61915 0.0883128
9.38867 2.51569 0.0508936
9.74618 2.61148 0.0176101
8.53846 2.28787 -0.0771425
8.52849 2.2852 -0.107875
8.9144 2.3886 -0.144979
8.41166 2.2539 -0.167209
8.60418 2.30548 -0.202145
8.39102 2.24837 -0.227478
8.05228 2.1576 -0.247416
7.89693 2.11598 -0.27121
10.0451 2.7273 0.163514
10.5859 2.87415 0.13402
9.91081 2.69085 0.0896218
9.57329 2.59921 0.0519407
8.98472 2.43941 0.0162487
8.93614 2.42622 -0.0808077
8.79106 2.38683 -0.111296
8.61694 2.33956 -0.140267
8.76115 2.37871 -0.174312
8.51931 2.31305 -0.20033
8.21951 2.23165 -0.223028
8.18013 2.22096 -0.251569
7.80306 2.11858 -0.268226
10.6997 2.94318 0.25183
10.4216 2.86667 0.169797
10.2007 2.80592 0.092327
9.74781 2.68133 0.0529356
9.35261 2.57263 0.0169294
8.65808 2.38158 -0.0783642
9.34229 2.56979 -0.118382
8.52237 2.34425 -0.138853
8.48329 2.3335 -0.168937
7.94286 2.18485 -0.186944
7.9711 2.19261 -0.216483
8.0667 2.21891 -0.248306
7.95981 2.18951 -0.273862
11.2866 3.14278 0.306794
10.6712 2.97142 0.251376
10.3252 2.87508 0.205796
9.85434 2.74397 0.124979
9.90286 2.75748 0.0897091
9.47924 2.63952 0.0515219
9.28668 2.5859 0.0168247
8.56386 2.38463 -0.0775789
9.18004 2.55621 -0.116427
8.44754 2.35224 -0.137754
8.8034 2.45133 -0.175464
8.25379 2.29829 -0.194431
7.7812 2.1667 -0.21151
7.79007 2.16917 -0.239999
7.74108 2.15552 -0.266568
11.1029 3.13135 0.302083
10.739 3.02872 0.214243
10.0853 2.84434 0.164614
10.2013 2.87705 0.1295
9.53757 2.68987 0.0864802
9.44156 2.66279 0.0513648
9.53792 2.68997 0.0172959
8.68102 2.4483 -0.0787133
8.78656 2.47807 -0.11154
8.31459 2.34496 -0.135712
8.72786 2.46151 -0.17412
8.58289 2.42063 -0.202372
7.92791 2.2359 -0.215698
7.82132 2.20584 -0.241186
7.72427 2.17847 -0.266237
10.6039 3.02862 0.211748
10.4796 2.9931 0.171211
9.60552 2.74345 0.0871783
9.49998 2.71331 0.0517313
9.38471 2.68039 0.0170341
8.46132 2.41666 -0.0767935
8.83598 2.52367 -0.112273
8.57597 2.4494 -0.14011
8.68119 2.47946 -0.173353
8.57482 2.44907 -0.202372
8.30494 2.37199 -0.226169
7.78513 2.22353 -0.240296
7.64012 2.18211 -0.263584
9.52947 2.75595 0.0173134
8.54932 2.47248 -0.0776661
8.80835 2.5474 -0.112029
8.42372 2.43616 -0.137754
8.54807 2.47212 -0.170857
8.48021 2.4525 -0.20033
8.36425 2.41896 -0.228001
7.89293 2.28266 -0.243856
7.47922 2.16301 -0.258279
9.52077 2.78587 0.0173134
8.54151 2.49933 -0.0776661
8.80031 2.57506 -0.112029
8.41602 2.46261 -0.137754
8.54026 2.49896 -0.170857
8.47247 2.47913 -0.20033
8.35661 2.44523 -0.228001
7.88572 2.30744 -0.243856
7.47239 2.1865 -0.258279
11.014 3.2625 0.260678
10.4492 3.0952 0.209252
10.1239 2.99883 0.16587
9.56866 2.83437 0.0870911
9.36754 2.77479 0.0511554
9.42518 2.79187 0.0171563
8.98413 2.66122 -0.0163532
9.36754 2.77479 -0.0511562
8.49482 2.51628 -0.0773171
9.00265 2.66671 -0.114717
8.25442 2.44507 -0.13524
8.36895 2.479 -0.167593
8.3971 2.48733 -0.198742
8.11842 2.40479 -0.221719
7.99304 2.36765 -0.247416
8.01132 2.37306 -0.277178
10.8691 3.25881 0.257501
10.6208 3.18439 0.2129
10.7556 3.22478 0.176394
10.3826 3.11294 0.132432
9.45384 2.83449 0.0861312
9.3966 2.81733 0.0513648
9.46377 2.83747 0.0172436
9.27219 2.78003 -0.0168942
9.05177 2.71394 -0.0494807
8.4098 2.52146 -0.0766189
8.19878 2.45819 -0.104577
8.7443 2.62175 -0.143408
8.34153 2.50099 -0.167209
8.1877 2.45487 -0.193978
8.0721 2.42021 -0.220672
7.84152 2.35108 -0.242966
8.01299 2.40249 -0.277509
11.0964 3.36712 0.303653
10.1216 3.07131 0.240032
10.7059 3.24862 0.214819
9.89328 3.00204 0.162415
9.76937 2.96444 0.124735
10.2673 3.11553 0.093636
9.86566 2.99366 0.0539828
9.37775 2.8456 0.0171039
8.76533 2.65977 -0.0159866
9.09057 2.75846 -0.0497425
8.50665 2.58127 -0.0775789
8.8508 2.68571 -0.113006
8.91735 2.7059 -0.146393
8.60108 2.60993 -0.172585
8.24648 2.50233 -0.195566
8.351 2.53405 -0.228525
7.94846 2.4119 -0.246526
7.60329 2.30716 -0.263584
10.161 3.11817 0.16697
9.97032 3.05965 0.127423
10.181 3.1243 0.0929379
9.85621 3.02463 0.0539828
9.08197 2.78704 0.0165803
9.23493 2.83398 -0.0168593
9.36865 2.87502 -0.0513133
8.98604 2.7576 -0.0820294
8.59378 2.63723 -0.10983
8.6316 2.64883 -0.141838
8.31565 2.55187 -0.167017
8.08566 2.4813 -0.191936
8.07542 2.47815 -0.221195
7.88351 2.41926 -0.244746
7.20426 2.21082 -0.249991
10.4166 3.23444 0.247519
10.7038 3.32362 0.215203
10.1888 3.16371 0.167598
9.75958 3.03043 0.124857
10.247 3.18177 0.093636
9.67422 3.00392 0.0530403
9.42603 2.92686 0.0172261
9.10133 2.82604 -0.0166324
9.51187 2.95351 -0.0521511
8.63305 2.68063 -0.0788878
8.86192 2.7517 -0.113373
8.50818 2.64186 -0.139953
8.35488 2.59426 -0.167977
8.44975 2.62372 -0.200784
7.58026 2.35373 -0.207845
7.80863 2.42464 -0.242669
7.81731 2.42734 -0.271541
10.9789 3.44899 0.220962
10.1401 3.18549 0.16697
10.2646 3.22461 0.131454
10.0265 3.1498 0.0917162
9.30168 2.9221 0.0510506
9.35903 2.94012 0.0171214
9.24455 2.90416 -0.0169116
9.01547 2.83219 -0.0494807
8.91985 2.80215 -0.0815931
8.53794 2.68218 -0.109341
8.3372 2.61911 -0.137282
8.20316 2.577 -0.165098
8.23117 2.5858 -0.195793
7.76315 2.43878 -0.21308
8.18199 2.57035 -0.254536
7.80922 2.45325 -0.271541
10.9666 3.48512 0.261131
10.4052 3.30672 0.209636
10.1581 3.22818 0.167441
10.0633 3.19806 0.129011
9.73962 3.0952 0.0891855
9.57784 3.04379 0.0526214
8.96802 2.84999 0.0164233
9.09191 2.88937 -0.0166498
8.74872 2.7803 -0.0480669
8.78662 2.79235 -0.0804586
8.57665 2.72562 -0.109952
8.36659 2.65886 -0.137911
8.67099 2.7556 -0.174696
7.65088 2.43141 -0.18218
8.2409 2.61892 -0.226431
7.9829 2.53693 -0.248602
7.46766 2.37319 -0.259937
10.9556 3.51956 0.261131
10.3948 3.33939 0.209636
10.1479 3.26008 0.167441
10.0532 3.22966 0.129011
9.72985 3.12579 0.0891855
9.56823 3.07387 0.0526214
8.95902 2.87815 0.0164233
9.08279 2.91791 -0.0166498
8.73994 2.80777 -0.0480669
8.77781 2.81994 -0.0804586
8.56804 2.75255 -0.109952
8.3582 2.68513 -0.137911
8.6623 2.78283 -0.174696
7.6432 2.45544 -0.18218
8.23264 2.6448 -0.226431
7.97489 2.56199 -0.248602
7.46017 2.39664 -0.259937
10.3076 3.34913 0.2081
10.0039 3.25046 0.165242
9.92829 3.2259 0.127545
10.0238 3.25692 0.091978
9.45337 3.07159 0.0520455
9.27279 3.01291 0.0170167
9.14915 2.97274 -0.0167895
8.81617 2.86455 -0.0485382
8.82547 2.86757 -0.0809822
8.84417 2.87364 -0.113617
8.67257 2.81789 -0.143251
7.77821 2.52729 -0.157035
8.3196 2.7032 -0.198515
8.05269 2.61648 -0.221719
7.51955 2.44325 -0.234659
7.80388 2.53563 -0.272205
10.4769 3.44259 0.211748
9.90756 3.25552 0.163828
9.68005 3.18077 0.124491
9.8324 3.23083 0.0903199
9.75664 3.20593 0.0537733
9.21524 3.02804 0.0169294
9.47175 3.11232 -0.0174003
9.05363 2.97493 -0.0498995
8.97741 2.94989 -0.0824657
8.5401 2.80619 -0.10983
8.17872 2.68744 -0.13524
8.17822 2.68728 -0.16529
8.05415 2.64651 -0.192389
7.73057 2.54019 -0.21308
7.43543 2.44321 -0.232286
8.06129 2.64886 -0.281488
10.2187 3.39535 0.206756
10.0011 3.32304 0.165556
9.73587 3.23492 0.125346
9.66031 3.20981 0.0888364
9.59412 3.18782 0.0529356
9.23362 3.06804 0.0169818
9.08178 3.01759 -0.0167022
9.09116 3.0207 -0.0501614
8.91064 2.96072 -0.0819421
8.41688 2.79666 -0.108364
8.25516 2.74293 -0.136654
8.52032 2.83103 -0.172393
8.53868 2.83713 -0.204187
7.89286 2.62255 -0.217792
7.75929 2.57816 -0.242669
7.62565 2.53376 -0.266568
10.6819 3.58655 0.216355
10.2086 3.42764 0.169169
9.68774 3.25276 0.124857
9.62174 3.2306 0.0885746
9.29966 3.12246 0.0513648
8.96798 3.01109 0.0165105
9.13862 3.06838 -0.0168244
8.95839 3.00787 -0.0494807
8.79702 2.95369 -0.0809822
8.78722 2.9504 -0.113251
8.58774 2.88342 -0.142309
8.38817 2.81641 -0.169897
8.21696 2.75893 -0.1967
7.85615 2.63778 -0.217007
7.79853 2.61844 -0.244153
6.73651 2.26185 -0.235734
10.8221 3.6736 0.179536
10.0746 3.41986 0.129988
9.41213 3.19499 0.086742
9.00518 3.05685 0.049794
9.19468 3.12117 0.0169469
9.04317 3.06974 -0.0166673
8.91049 3.0247 -0.0492712
8.58833 2.91534 -0.0791496
8.23768 2.79631 -0.106287
8.23728 2.79618 -0.136654
8.5492 2.90206 -0.173353
7.89536 2.68011 -0.189213
7.93256 2.69274 -0.219363
7.8466 2.66356 -0.245933
7.43878 2.52513 -0.2606
10.9975 3.77387 0.263854
10.8092 3.70924 0.219427
10.006 3.43361 0.166184
9.81728 3.36887 0.126812
9.39202 3.22293 0.0866548
9.51521 3.26521 0.0526738
9.37345 3.21656 0.0172959
9.36399 3.21332 -0.0172781
9.07066 3.11266 -0.0502137
8.90965 3.05741 -0.0822039
8.5783 2.9437 -0.110807
8.58734 2.9468 -0.142623
7.92484 2.71946 -0.160874
8.13229 2.79065 -0.195112
7.62101 2.6152 -0.210986
7.65809 2.62792 -0.240296
7.18458 2.46544 -0.25198
10.984 3.80999 0.304438
10.9849 3.81032 0.263854
10.7968 3.74506 0.219427
9.99451 3.46677 0.166184
9.80606 3.4014 0.126812
9.38128 3.25406 0.0866548
9.50433 3.29674 0.0526738
9.36273 3.24763 0.0172959
9.35328 3.24435 -0.0172781
9.06029 3.14272 -0.0502137
8.89946 3.08694 -0.0822039
8.56849 2.97213 -0.110807
8.57752 2.97526 -0.142623
7.91578 2.74573 -0.160874
8.123 2.8176 -0.195112
7.6123 2.64046 -0.210986
7.64933 2.6533 -0.240296
7.17636 2.48925 -0.25198
10.4925 3.67647 0.213475
10.1723 3.56428 0.169326
9.78589 3.42889 0.12669
9.36158 3.28021 0.0865675
9.31462 3.26376 0.0516789
9.02217 3.16129 0.0166851
8.60693 3.01579 -0.0159168
8.75782 3.06866 -0.0485905
8.35181 2.9264 -0.0772298
8.37038 2.93291 -0.108364
8.25673 2.89309 -0.137439
8.143 2.85324 -0.165674
7.88766 2.76377 -0.189667
8.06624 2.82634 -0.223813
7.67869 2.69054 -0.241483
7.79103 2.72991 -0.273862
10.5917 3.7507 0.294229
10.5926 3.75102 0.255006
9.95246 3.52435 0.202725
9.80226 3.47116 0.163357
9.95355 3.52474 0.129011
9.77482 3.46145 0.0904944
9.63366 3.41146 0.0535115
9.55837 3.3848 0.0176973
8.97393 3.17784 -0.0166149
8.70989 3.08433 -0.0483811
8.57771 3.03753 -0.0794114
8.89787 3.1509 -0.115328
8.25652 2.92379 -0.137597
8.41624 2.98035 -0.171433
8.10463 2.87 -0.195112
8.05682 2.85307 -0.223813
7.9995 2.83277 -0.251866
6.71734 2.37873 -0.236397
10.6279 3.80325 0.216739
10.3273 3.69568 0.17231
9.81 3.51056 0.1273
9.75387 3.49047 0.0904072
9.49049 3.39622 0.0527785
9.43411 3.37604 0.0174879
9.2458 3.30866 -0.0171385
8.78435 3.14352 -0.0488523
8.91594 3.19061 -0.0826402
8.27543 2.9614 -0.107387
8.24678 2.95115 -0.137597
8.17097 2.92402 -0.166633
7.8974 2.82612 -0.190348
7.98143 2.85619 -0.221981
7.53833 2.69763 -0.237626
8.12093 2.90612 -0.28613
10.6811 3.86227 0.218083
9.88246 3.5735 0.165085
9.65726 3.49207 0.125468
9.55417 3.45479 0.0886619
9.42275 3.40727 0.0524643
9.16895 3.3155 0.0170167
9.15955 3.31209 -0.0169989
8.5952 3.10803 -0.0478575
8.54797 3.09095 -0.0793242
8.27496 2.99223 -0.107509
8.0771 2.92068 -0.134926
8.28346 2.9953 -0.169129
8.13243 2.94069 -0.196246
7.97192 2.88265 -0.221981
7.78314 2.81439 -0.245636
7.72589 2.79369 -0.272536
9.92754 3.62511 0.166027
9.71199 3.5464 0.126323
9.59023 3.50194 0.0890982
9.50593 3.47115 0.0529879
9.16788 3.34771 0.0170341
9.07395 3.31341 -0.0168593
8.96112 3.27221 -0.0499519
8.44429 3.08349 -0.0784515
8.45337 3.08681 -0.109952
8.79108 3.21012 -0.147021
8.16131 2.98016 -0.166825
7.90716 2.88735 -0.191028
7.47454 2.72938 -0.208369
7.62403 2.78397 -0.240889
7.40727 2.70481 -0.261595
9.91546 3.65801 0.166027
9.70018 3.57858 0.126323
9.57857 3.53372 0.0890982
9.49437 3.50266 0.0529879
9.15673 3.3781 0.0170341
9.06291 3.34349 -0.0168593
8.95022 3.30191 -0.0499519
8.43402 3.11147 -0.0784515
8.44309 3.11482 -0.109952
8.78039 3.23926 -0.147021
8.15138 3.0072 -0.166825
7.89754 2.91356 -0.191028
7.46544 2.75415 -0.208369
7.61476 2.80923 -0.240889
7.39826 2.72936 -0.261595
10.1174 3.77067 0.245023
10.1181 3.77095 0.207332
9.66904 3.60357 0.1621
9.40716 3.50597 0.122658
9.41688 3.50959 0.0877019
8.93922 3.33157 0.0499511
9.21107 3.43289 0.0171563
9.32352 3.4748 -0.0173654
8.73308 3.25474 -0.0488
8.77972 3.27213 -0.0817676
8.57326 3.19518 -0.111785
8.26366 3.0798 -0.138539
7.87904 2.93645 -0.16145
7.72858 2.88038 -0.187171
8.13071 3.03025 -0.227216
7.79273 2.90428 -0.246822
7.55774 2.81671 -0.267563
10.3285 3.88841 0.288994
10.3294 3.88874 0.250468
10.3302 3.88903 0.21194
9.83483 3.70255 0.165085
9.90082 3.72739 0.129255
9.59236 3.61126 0.0894473
9.12466 3.43519 0.0510506
9.06862 3.41409 0.0169119
8.97503 3.37886 -0.0167371
8.69416 3.27312 -0.0486429
8.61908 3.24485 -0.0803713
7.84205 2.95232 -0.102378
8.03818 3.02616 -0.134926
8.19676 3.08586 -0.168169
8.08388 3.04336 -0.196019
8.00835 3.01493 -0.224075
7.58661 2.85615 -0.240593
7.76349 2.92275 -0.275189
9.37452 3.56292 0.157545
9.53388 3.62349 0.124613
9.25381 3.51704 0.086393
9.15121 3.47805 0.0512601
9.14197 3.47454 0.017069
9.0298 3.4319 -0.0168593
8.65579 3.28976 -0.0484858
8.86122 3.36783 -0.0827275
8.33747 3.16877 -0.108975
8.28098 3.14731 -0.139167
8.31786 3.16132 -0.170857
7.63505 2.90181 -0.185356
7.79326 2.96194 -0.218316
7.32532 2.78409 -0.232583
7.32452 2.78379 -0.259937
10.0913 3.87367 0.132065
9.5595 3.66955 0.08936
9.72777 3.73414 0.0545587
9.18642 3.52634 0.0171737
8.7383 3.35432 -0.0163357
8.74753 3.35786 -0.0490618
8.81266 3.38286 -0.0823784
8.47628 3.25374 -0.110929
8.16782 3.13533 -0.137439
8.09265 3.10648 -0.166441
8.04539 3.08834 -0.195566
7.81139 2.99851 -0.219101
7.3907 2.83702 -0.234956
7.38989 2.83671 -0.26259
10.0784 3.90711 0.132065
9.49134 3.67954 0.0888364
9.21186 3.57119 0.0517313
9.45439 3.66522 0.0176973
8.97887 3.48087 -0.0168069
8.58717 3.32902 -0.048224
8.51237 3.30002 -0.0796732
8.63326 3.34689 -0.113129
8.31587 3.22384 -0.14011
8.0823 3.1333 -0.166441
8.03511 3.115 -0.195566
7.8014 3.0244 -0.219101
7.38125 2.86152 -0.234956
7.38044 2.8612 -0.26259
9.4508 3.69992 0.124002
9.47908 3.711 0.0888364
9.19996 3.60172 0.0517313
9.44218 3.69655 0.0176973
8.96728 3.51063 -0.0168069
8.57608 3.35748 -0.048224
8.50138 3.32823 -0.0796732
8.62211 3.3755 -0.113129
8.30513 3.2514 -0.14011
8.21152 3.21475 -0.169321
7.87578 3.08331 -0.191936
7.87511 3.08305 -0.221457
7.45549 2.91877 -0.237626
7.45468 2.91845 -0.265574
10.2105 4.03438 0.172467
9.29964 3.67448 0.122169
9.66268 3.81792 0.090669
9.38391 3.70778 0.0528309
9.06781 3.58288 0.0170167
9.17011 3.6233 -0.0172083
8.9747 3.54609 -0.0505279
8.87218 3.50558 -0.0832511
8.33248 3.29233 -0.109463
8.35067 3.29952 -0.141052
8.34086 3.29565 -0.172201
8.24727 3.25867 -0.201238
7.87468 3.11145 -0.221719
7.84603 3.10013 -0.250382
7.84516 3.09979 -0.27983
9.84357 3.92719 0.203493
9.84417 3.92742 0.166498
9.76106 3.89427 0.1284
8.87001 3.53878 0.0500034
9.00944 3.5944 0.0169294
8.98158 3.58328 -0.0168767
8.9536 3.57212 -0.0504755
8.489 3.38677 -0.0797605
8.38652 3.34588 -0.110319
7.91248 3.15676 -0.133827
7.80056 3.11211 -0.161258
7.78142 3.10447 -0.190121
7.72505 3.08198 -0.217792
7.58503 3.02612 -0.242373
7.5842 3.02579 -0.270878
10.2942 4.14659 0.213092
10.2948 4.14684 0.174352
10.082 4.06111 0.132798
9.75772 3.9305 0.0918034
9.0624 3.65041 0.0170516
8.92326 3.59437 -0.0167895
8.80257 3.54575 -0.0496901
8.92294 3.59424 -0.0839492
8.31973 3.35126 -0.109586
8.15238 3.28385 -0.138068
8.09624 3.26124 -0.167593
7.98437 3.21617 -0.195339
7.90024 3.18228 -0.223028
7.35244 2.96162 -0.235253
7.35163 2.9613 -0.262921
10.2804 4.1807 0.213092
9.52256 3.87252 0.0538257
8.92982 3.63147 0.0168247
8.94835 3.63901 -0.0168593
8.49434 3.45438 -0.0480146
8.66087 3.5221 -0.0815931
8.31784 3.3826 -0.109708
8.45636 3.43893 -0.143408
7.97424 3.24287 -0.16529
7.9181 3.22004 -0.193978
7.88964 3.20846 -0.223028
7.34258 2.98599 -0.235253
7.34177 2.98566 -0.262921
9.51034 3.90242 0.0538257
8.91837 3.65951 0.0168247
8.93687 3.6671 -0.0168593
8.48345 3.48105 -0.0480146
8.64976 3.54929 -0.0815931
8.30717 3.40871 -0.109708
8.44552 3.46548 -0.143408
7.96402 3.26791 -0.16529
7.90794 3.2449 -0.193978
8.19396 3.36226 -0.231928
8.19316 3.36193 -0.262842
7.58201 3.11115 -0.271873
9.54331 3.95297 0.0901454
9.34029 3.86888 0.0529356
9.33117 3.8651 0.0176275
8.75836 3.62783 -0.0165451
8.6012 3.56273 -0.0487476
8.68414 3.59709 -0.0820294
8.21268 3.4018 -0.108608
8.06447 3.34041 -0.137125
7.84229 3.24838 -0.162986
7.5831 3.14102 -0.186264
7.80411 3.23257 -0.221195
7.80335 3.23225 -0.250679
7.74709 3.20895 -0.278173
9.67741 4.04616 0.128156
9.30873 3.89202 0.088051
9.41045 3.93455 0.0534068
9.18914 3.84201 0.0173832
8.95848 3.74558 -0.0169465
8.64469 3.61438 -0.0490618
8.60758 3.59886 -0.0814185
8.60727 3.59873 -0.113984
7.76738 3.24757 -0.132256
7.90527 3.30523 -0.164522
7.98771 3.33969 -0.196473
7.84868 3.28157 -0.222766
7.84792 3.28125 -0.252459
7.76407 3.24619 -0.279167
9.37869 3.95786 0.0888364
9.59082 4.04738 0.0545064
9.075 3.8297 0.0171912
8.76175 3.69751 -0.0165975
8.5866 3.62359 -0.0488
8.57717 3.61961 -0.081244
8.64135 3.64669 -0.114595
8.05135 3.39771 -0.137282
7.66398 3.23424 -0.159722
7.94896 3.3545 -0.195793
8.02196 3.38531 -0.228001
8.02118 3.38498 -0.258392
7.28364 3.07374 -0.262258
9.36621 3.9873 0.0888364
9.57806 4.07749 0.0545064
9.06292 3.85819 0.0171912
8.75009 3.72501 -0.0165975
8.57517 3.65055 -0.0488
8.56576 3.64654 -0.081244
8.62985 3.67382 -0.114595
8.04064 3.42299 -0.137282
7.65378 3.2583 -0.159722
7.93838 3.37946 -0.195793
8.01128 3.41049 -0.228001
8.0105 3.41016 -0.258392
7.27395 3.0966 -0.262258
9.41725 4.04597 0.0894473
9.30723 3.9987 0.0530403
9.20627 3.95533 0.0174879
8.75607 3.7619 -0.0166324
8.53545 3.66712 -0.0486429
8.01155 3.44204 -0.0760953
8.36956 3.59585 -0.111296
8.07518 3.46937 -0.138068
8.25841 3.54809 -0.172585
7.89957 3.39392 -0.195112
7.93564 3.40942 -0.226169
7.93486 3.40909 -0.256316
7.74115 3.32586 -0.279499
14.6471 6.35051 0.418047
9.32144 4.04148 0.0531974
8.79859 3.81479 0.0167374
8.93621 3.87445 -0.0169989
9.02785 3.91419 -0.0515227
8.33955 3.61576 -0.0793242
8.4952 3.68325 -0.113129
7.92602 3.43647 -0.135712
7.96223 3.45217 -0.166633
7.91579 3.43203 -0.195793
7.78671 3.37607 -0.222242
7.78595 3.37574 -0.251866
7.57419 3.28393 -0.273862
14.3707 6.28739 0.355965
9.29882 4.06836 0.053145
9.06074 3.96419 0.017261
9.00577 3.94014 -0.017156
8.56591 3.7477 -0.0489571
8.24506 3.60732 -0.0785388
8.20812 3.59116 -0.109463
8.20772 3.59098 -0.140738
8.35378 3.65489 -0.17508
8.06007 3.52639 -0.199649
7.58315 3.31773 -0.216745
7.58241 3.3174 -0.245636
7.22447 3.1608 -0.261595
14.4607 6.38093 0.358687
9.23111 4.07333 0.0528309
9.06654 4.00071 0.0172959
8.62739 3.80693 -0.0164579
8.33453 3.6777 -0.0477004
8.52644 3.76239 -0.0813313
8.00468 3.53216 -0.106898
8.03174 3.54409 -0.137911
8.08613 3.56809 -0.169705
7.50931 3.31357 -0.186264
7.83791 3.45857 -0.224337
7.83715 3.45823 -0.254239
7.16879 3.16331 -0.259937
14.2647 6.35105 0.408885
14.4394 6.42885 0.358687
9.21755 4.10392 0.0528309
9.05322 4.03075 0.0172959
8.61472 3.83552 -0.0164579
8.32228 3.70532 -0.0477004
8.51392 3.79064 -0.0813313
7.99293 3.55868 -0.106898
8.01994 3.57071 -0.137911
8.07425 3.59489 -0.169705
7.49828 3.33845 -0.186264
7.8264 3.48454 -0.224337
7.82564 3.4842 -0.254239
7.15826 3.18706 -0.259937
9.4593 4.24919 0.0542969
8.98507 4.03617 0.0171912
9.03068 4.05666 -0.0172781
8.59273 3.85992 -0.0493236
8.42833 3.78607 -0.0806331
8.27296 3.71628 -0.110807
8.03542 3.60957 -0.138382
7.6154 3.4209 -0.160298
7.57836 3.40426 -0.188533
7.44093 3.34253 -0.213604
7.44021 3.3422 -0.242076
7.48498 3.36231 -0.272205
8.86234 4.01641 0.0169818
8.60731 3.90083 -0.0164928
8.72561 3.95444 -0.0501614
8.71629 3.95022 -0.0835129
8.46096 3.8345 -0.113495
8.46965 3.83844 -0.146079
7.93185 3.59471 -0.167209
7.78557 3.52842 -0.193978
7.78491 3.52812 -0.223813
7.6749 3.47826 -0.250086
7.39186 3.34998 -0.269221
8.92244 4.07748 0.0171214
8.39492 3.83641 -0.0161088
8.50396 3.88624 -0.0489571
8.65836 3.9568 -0.0830766
8.30336 3.79456 -0.11154
8.17563 3.7362 -0.141209
7.86595 3.59467 -0.166058
7.98359 3.64843 -0.199196
7.98291 3.64812 -0.229834
7.58211 3.46496 -0.247416
7.49038 3.42304 -0.273199
8.90887 4.10705 0.0171214
8.38215 3.86422 -0.0161088
8.49102 3.91442 -0.0489571
8.64519 3.98549 -0.0830766
8.29073 3.82208 -0.11154
8.1632 3.76329 -0.141209
7.85399 3.62074 -0.166058
7.97144 3.67489 -0.199196
7.97076 3.67457 -0.229834
7.57058 3.49009 -0.247416
7.47899 3.44786 -0.273199
8.91334 4.145 0.0171563
8.77732 4.08175 -0.0168942
8.52333 3.96363 -0.0492189
8.58659 3.99305 -0.0826402
8.27801 3.84955 -0.11154
7.77895 3.61747 -0.134769
7.86007 3.6552 -0.166441
7.63287 3.54954 -0.191028
7.63222 3.54924 -0.22041
7.39582 3.4393 -0.242076
7.52189 3.49793 -0.275189
9.08967 4.26372 0.0175228
8.66415 4.06412 -0.0167022
8.42866 3.95366 -0.0487476
8.33792 3.91109 -0.0803713
8.23804 3.86424 -0.111174
8.03849 3.77064 -0.139481
7.71213 3.61755 -0.163562
7.73872 3.63002 -0.193978
7.73806 3.62971 -0.223813
7.39343 3.46806 -0.242373
7.30213 3.42523 -0.267563
9.00391 4.25805 0.0173832
8.61518 4.07422 -0.0166324
8.45236 3.99722 -0.0489571
8.20808 3.88169 -0.0792369
8.20778 3.88155 -0.110929
8.05372 3.80869 -0.139953
7.75496 3.66741 -0.164714
7.76343 3.67141 -0.194885
7.76277 3.6711 -0.22486
7.45478 3.52545 -0.244746
7.45397 3.52507 -0.273531
8.98974 4.28788 0.0173832
8.60162 4.10276 -0.0166324
8.43906 4.02522 -0.0489571
8.19516 3.90889 -0.0792369
8.19486 3.90875 -0.110929
8.04104 3.83538 -0.139953
7.74275 3.6931 -0.164714
7.75121 3.69714 -0.194885
7.75055 3.69682 -0.22486
7.44305 3.55015 -0.244746
7.44223 3.54976 -0.273531
8.69611 4.18329 -0.0168418
8.38061 4.03151 -0.0486953
7.9749 3.83634 -0.0772298
8.02867 3.86221 -0.108853
7.99224 3.84469 -0.139324
7.59532 3.65375 -0.161834
7.64882 3.67948 -0.192616
7.64816 3.67917 -0.222242
7.32315 3.52282 -0.241186
7.31334 3.5181 -0.269221
8.25033 4.00259 -0.0160041
8.53813 4.14221 -0.0496901
7.91715 3.84095 -0.0767935
8.04281 3.90191 -0.109219
7.88049 3.82316 -0.137597
7.78106 3.77492 -0.166058
7.53763 3.65683 -0.190121
7.53699 3.65651 -0.219363
7.52726 3.65179 -0.248306
7.24768 3.51616 -0.267231
8.23771 4.02849 -0.0160041
8.52508 4.16901 -0.0496901
7.90504 3.8658 -0.0767935
8.03051 3.92716 -0.109219
7.86844 3.8479 -0.137597
7.76916 3.79935 -0.166058
7.52611 3.68049 -0.190121
7.52546 3.68017 -0.219363
7.51575 3.67542 -0.248306
7.2366 3.53891 -0.267231
8.55615 4.21943 -0.0166498
8.28699 4.08669 -0.0483811
8.10742 3.99814 -0.0788878
8.03538 3.96261 -0.109463
7.90944 3.9005 -0.138539
7.81032 3.85162 -0.167209
7.65732 3.77617 -0.193751
7.65667 3.77585 -0.223551
7.65592 3.77548 -0.253349
7.26964 3.58499 -0.268889
8.35398 4.15422 -0.0488523
7.94191 3.94931 -0.0774043
8.26394 4.10945 -0.112762
8.05762 4.00685 -0.141366
7.54684 3.75285 -0.161834
7.73427 3.84606 -0.196019
7.73362 3.84573 -0.226169
7.48226 3.72074 -0.248009
7.47249 3.71588 -0.276846
8.43849 4.23121 -0.0494283
8.11648 4.06975 -0.0792369
8.06255 4.04271 -0.110196
7.64207 3.83187 -0.134298
7.82036 3.92127 -0.167977
7.75723 3.88961 -0.196927
7.75656 3.88928 -0.227216
7.30011 3.6604 -0.242373
7.45119 3.73616 -0.276515
8.42515 4.2577 -0.0494283
8.10365 4.09523 -0.0792369
8.04981 4.06802 -0.110196
7.62999 3.85586 -0.134298
7.808 3.94581 -0.167977
7.74497 3.91396 -0.196927
7.74431 3.91363 -0.227216
7.28857 3.68332 -0.242373
7.43942 3.75955 -0.276515
9.38217 4.78045 -0.0551356
8.3395 4.24919 -0.0816803
8.02737 4.09015 -0.110074
7.72407 3.93561 -0.136183
7.62561 3.88544 -0.16433
7.62505 3.88516 -0.194204
7.71347 3.93021 -0.226692
7.62366 3.88445 -0.253942
7.66735 3.90671 -0.285467
9.53527 4.89836 -0.0561305
8.52994 4.38191 -0.0836874
8.20054 4.2127 -0.11264
7.9778 4.09827 -0.140895
7.76387 3.98837 -0.167593
7.7633 3.98808 -0.198061
7.62037 3.91466 -0.224337
7.61963 3.91427 -0.254239
7.12095 3.6581 -0.265574
9.51897 4.92995 -0.0561305
8.51536 4.41018 -0.0836874
8.18653 4.23987 -0.11264
7.96416 4.1247 -0.140895
7.7506 4.0141 -0.167593
7.75003 4.01381 -0.198061
7.60735 3.93991 -0.224337
7.6066 3.93952 -0.254239
7.10878 3.68169 -0.265574
10.0708 5.25594 -0.0594815
8.3153 4.33975 -0.0818549
8.05793 4.20542 -0.111052
7.82707 4.08494 -0.138696
7.72023 4.02918 -0.167209
7.71966 4.02888 -0.197608
7.61266 3.97304 -0.22486
7.47013 3.89865 -0.250086
7.28324 3.80112 -0.272536
8.36281 4.39989 -0.0824657
8.15898 4.29265 -0.11264
7.78693 4.0969 -0.138225
7.78646 4.09665 -0.168937
7.78589 4.09635 -0.199649
7.56405 3.97964 -0.223813
7.38639 3.88617 -0.247713
7.20868 3.79267 -0.270215
8.72804 4.62906 -0.0862181
7.68534 4.07605 -0.106287
7.70264 4.08522 -0.136968
7.79933 4.1365 -0.169513
7.79876 4.1362 -0.20033
7.50666 3.98128 -0.222504
7.33815 3.89191 -0.246526
7.18724 3.81187 -0.269884
8.71264 4.65798 -0.0862181
7.67178 4.10152 -0.106287
7.68905 4.11074 -0.136968
7.78557 4.16235 -0.169513
7.785 4.16204 -0.20033
7.49341 4.00615 -0.222504
7.3252 3.91622 -0.246526
7.17456 3.83569 -0.269884
9.71919 5.23543 -0.0963409
8.53039 4.59506 -0.118382
7.96659 4.29136 -0.142152
7.74604 4.17256 -0.168937
7.74548 4.17225 -0.199649
7.48959 4.03442 -0.222766
7.39206 3.98188 -0.249196
7.40005 3.98618 -0.278836
11.4333 6.20775 -0.068121
10.5015 5.70183 -0.104282
9.0775 4.92868 -0.126201
7.86444 4.27004 -0.140581
7.61794 4.1362 -0.166441
7.61738 4.1359 -0.1967
7.65187 4.15463 -0.228001
7.19434 3.90621 -0.242966
7.46584 4.05362 -0.28182
11.4126 6.24563 -0.068121
10.4825 5.73662 -0.104282
9.06111 4.95876 -0.126201
7.85024 4.2961 -0.140581
7.60418 4.16144 -0.166441
7.60363 4.16114 -0.1967
7.63805 4.17998 -0.228001
7.18135 3.93005 -0.242966
7.45236 4.07835 -0.28182
11.3656 6.26895 0.0679628
11.0943 6.11931 0.0221129
11.5583 6.37528 -0.0230375
11.5582 6.37521 -0.0691158
11.2164 6.1867 -0.111787
9.70129 5.35098 -0.135363
7.79217 4.29796 -0.139796
7.53781 4.15766 -0.16529
7.53726 4.15736 -0.195339
7.51911 4.14735 -0.22486
7.45711 4.11315 -0.252756
7.25501 4.00168 -0.274857
11.7122 6.50823 0.163707
11.7126 6.50847 0.116936
11.5469 6.41634 0.0691671
11.4771 6.37756 0.0229158
11.5994 6.44556 -0.0231597
11.3546 6.30948 -0.0680163
11.3018 6.28019 -0.112834
10.3662 5.76027 -0.144892
8.04957 4.47298 -0.144665
7.83934 4.35615 -0.172201
7.83876 4.35583 -0.203506
7.40119 4.11268 -0.221719
7.32183 4.06859 -0.248602
7.15504 3.9759 -0.271541
11.6906 6.54704 0.163707
11.691 6.54728 0.116936
11.5255 6.4546 0.0691671
11.4559 6.41559 0.0229158
11.578 6.48399 -0.0231597
11.3336 6.3471 -0.0680163
11.2809 6.31763 -0.112834
10.347 5.79462 -0.144892
8.0347 4.49965 -0.144665
7.82485 4.38213 -0.172201
7.82428 4.3818 -0.203506
7.38751 4.1372 -0.221719
7.3083 4.09284 -0.248602
7.14181 3.99961 -0.271541
11.0771 6.25179 0.111002
11.0773 6.25194 0.0666014
11.2603 6.35524 0.0225667
11.4258 6.44863 -0.0228979
11.2863 6.36991 -0.0678592
11.3383 6.39924 -0.113619
10.6412 6.00583 -0.149291
8.33321 4.70319 -0.15032
7.63613 4.30976 -0.168361
7.63557 4.30945 -0.198969
7.6088 4.29434 -0.228787
7.26857 4.10232 -0.247713
7.13722 4.02818 -0.271873
11.1254 6.32781 0.156377
11.2127 6.37748 0.112573
11.213 6.37764 0.0675439
11.4131 6.49142 0.0229158
11.2044 6.37277 -0.0224965
11.2999 6.42707 -0.0680686
11.2388 6.39231 -0.112834
10.8733 6.18445 -0.152833
8.70867 4.95325 -0.157388
7.79561 4.43393 -0.172201
7.79504 4.4336 -0.203506
7.57714 4.30967 -0.228263
7.38526 4.20053 -0.252162
7.02825 3.99747 -0.268226
11.1055 6.36273 0.156377
11.1926 6.41267 0.112573
11.1929 6.41283 0.0675439
11.3926 6.52725 0.0229158
11.1844 6.40794 -0.0224965
11.2797 6.46254 -0.0680686
11.2187 6.42759 -0.112834
10.8539 6.21858 -0.152833
8.69307 4.98058 -0.157388
7.78164 4.45839 -0.172201
7.78108 4.45807 -0.203506
7.56357 4.33345 -0.228263
7.37202 4.22371 -0.252162
7.01566 4.01953 -0.268226
