x y z
6.42238 -3.70796 0.246011
6.33652 -3.65839 0.217157
6.38042 -3.68374 0.192924
6.43291 -3.71404 0.168567
6.37277 -3.67932 0.141293
6.29523 -3.63455 0.114193
6.37347 -3.67973 0.0899166
6.42566 -3.70986 0.0647511
6.42582 -3.70995 0.0388508
6.31331 -3.64499 0.0127232
6.45188 -3.72499 -0.0130022
6.4085 -3.69995 -0.0387468
6.35638 -3.66986 -0.0640527
6.34749 -3.66473 -0.0895499
6.42512 -3.70954 -0.116549
6.41607 -3.70432 -0.142253
6.4156 -3.70405 -0.168114
6.44102 -3.71873 -0.194757
6.40577 -3.69837 -0.21953
6.2233 -3.59302 -0.238386
6.39995 -3.66677 0.244685
6.47003 -3.70692 0.22131
6.41862 -3.67747 0.19371
6.40182 -3.66784 0.167433
6.34156 -3.63332 0.140333
6.49811 -3.72301 0.117648
6.33358 -3.62874 0.0891836
6.45528 -3.69847 0.0649256
6.45544 -3.69856 0.0389556
6.40346 -3.66878 0.0128803
6.3514 -3.63895 -0.0127754
6.49015 -3.71845 -0.0391656
6.36852 -3.64876 -0.0640527
6.39431 -3.66354 -0.0900386
6.44606 -3.69319 -0.116706
6.36759 -3.64823 -0.140909
6.36712 -3.64796 -0.166526
6.40995 -3.6725 -0.193448
6.3833 -3.65723 -0.218343
6.33057 -3.62702 -0.242033
6.37732 -3.62577 0.243359
6.3954 -3.63604 0.218343
6.45685 -3.67098 0.194495
6.33573 -3.60212 0.165391
6.37096 -3.62215 0.140717
6.45827 -3.67179 0.116706
6.38904 -3.63243 0.0897945
6.38928 -3.63257 0.0641402
6.38943 -3.63265 0.0384843
6.4069 -3.64258 0.0128629
6.38951 -3.6327 -0.0128277
6.44159 -3.66231 -0.0387991
6.40666 -3.64245 -0.0643145
6.40643 -3.64232 -0.0900386
6.4235 -3.65202 -0.116077
6.38834 -3.63203 -0.141101
6.38788 -3.63177 -0.166753
6.44816 -3.66604 -0.194233
6.43884 -3.66075 -0.219826
6.40338 -3.64059 -0.244354
6.38868 -3.60571 0.243359
6.40679 -3.61594 0.218343
6.46835 -3.65068 0.194495
6.34701 -3.5822 0.165391
6.38231 -3.60212 0.140717
6.46977 -3.65148 0.116706
6.40042 -3.61234 0.0897945
6.40066 -3.61247 0.0641402
6.40081 -3.61256 0.0384843
6.41831 -3.62244 0.0128629
6.40089 -3.61261 -0.0128277
6.45306 -3.64205 -0.0387991
6.41807 -3.6223 -0.0643145
6.41784 -3.62217 -0.0900386
6.43494 -3.63182 -0.116077
6.39972 -3.61195 -0.141101
6.39925 -3.61168 -0.166753
6.45965 -3.64577 -0.194233
6.45031 -3.6405 -0.219826
6.41479 -3.62045 -0.244354
6.36572 -3.56497 0.242033
6.4013 -3.5849 0.21775
6.44554 -3.60967 0.193448
6.53331 -3.65883 0.169928
6.42911 -3.60047 0.141485
6.44695 -3.61047 0.116078
6.36875 -3.56667 0.0891836
6.3777 -3.57169 0.0637912
6.37786 -3.57177 0.0382749
6.44774 -3.61091 0.0128978
6.37794 -3.57182 -0.0127579
6.43021 -3.60109 -0.0385897
6.57837 -3.68406 -0.065798
6.43854 -3.60576 -0.0901608
6.47312 -3.62512 -0.116549
6.42911 -3.60047 -0.141485
6.42864 -3.60021 -0.167206
6.53276 -3.65852 -0.196065
6.43619 -3.60444 -0.218936
6.52268 -3.65288 -0.248001
6.43866 -3.57783 0.244354
6.42189 -3.56851 0.218047
6.38757 -3.54943 0.191354
6.41433 -3.56431 0.166525
6.27496 -3.48686 0.137838
6.42393 -3.56964 0.115449
6.42424 -3.56981 0.0897945
6.42448 -3.56994 0.0641402
6.39841 -3.55546 0.0383272
6.53834 -3.63322 0.0130548
6.37226 -3.54093 -0.012723
6.45085 -3.5846 -0.038642
6.39825 -3.55537 -0.0638782
6.42424 -3.56981 -0.0897942
6.44141 -3.57935 -0.115763
6.40606 -3.55971 -0.140717
6.40559 -3.55945 -0.166299
6.54485 -3.63684 -0.196065
6.39568 -3.55394 -0.217156
6.42119 -3.56812 -0.243691
6.45049 -3.55646 0.244354
6.43369 -3.54719 0.218047
6.3993 -3.52823 0.191354
6.42611 -3.54302 0.166525
6.28649 -3.46604 0.137838
6.43573 -3.54832 0.115449
6.43604 -3.54849 0.0897945
6.43628 -3.54862 0.0641402
6.41016 -3.53422 0.0383272
6.55036 -3.61152 0.0130548
6.38397 -3.51978 -0.012723
6.46271 -3.56319 -0.038642
6.41001 -3.53414 -0.0638782
6.43604 -3.54849 -0.0897942
6.45324 -3.55797 -0.115763
6.41783 -3.53845 -0.140717
6.41736 -3.53819 -0.166299
6.55688 -3.61511 -0.196065
6.40743 -3.53272 -0.217156
6.43298 -3.5468 -0.243691
6.46163 -3.53617 0.244354
6.40973 -3.50777 0.21686
6.41912 -3.51291 0.191616
6.48106 -3.54681 0.16766
6.43768 -3.52307 0.140909
6.44684 -3.52808 0.115449
6.37699 -3.48985 0.0888171
6.37722 -3.48998 0.0634421
6.45632 -3.53327 0.0385367
6.44763 -3.52851 0.0128279
6.50904 -3.56212 -0.0129499
6.47387 -3.54287 -0.038642
6.50003 -3.55719 -0.0646636
6.42084 -3.51385 -0.0894277
6.44684 -3.52808 -0.115449
6.42014 -3.51347 -0.140525
6.41967 -3.51321 -0.166072
6.4542 -3.53211 -0.192662
6.4185 -3.51257 -0.217156
6.53177 -3.57456 -0.247007
6.46454 -3.50996 0.244022
6.50038 -3.52942 0.21953
6.45709 -3.50592 0.192401
6.44007 -3.49667 0.166298
6.36146 -3.45399 0.138989
6.48487 -3.521 0.115921
6.43246 -3.49254 0.089428
6.4327 -3.49267 0.0638784
6.53831 -3.55001 0.0389556
6.42414 -3.48803 0.0127581
6.4593 -3.50711 -0.0128277
6.46801 -3.51184 -0.0385373
6.52936 -3.54515 -0.0648381
6.44125 -3.49731 -0.0895499
6.50244 -3.53054 -0.116235
6.44054 -3.49693 -0.140717
6.44007 -3.49667 -0.166299
6.49223 -3.52499 -0.193448
6.4916 -3.52465 -0.219233
6.42062 -3.48611 -0.242365
6.47614 -3.4885 0.244022
6.51205 -3.50785 0.21953
6.46868 -3.48448 0.192401
6.45163 -3.4753 0.166298
6.37288 -3.43288 0.138989
6.49651 -3.49947 0.115921
6.44401 -3.47119 0.089428
6.44424 -3.47132 0.0638784
6.55005 -3.52831 0.0389556
6.43567 -3.4667 0.0127581
6.47089 -3.48567 -0.0128277
6.47962 -3.49037 -0.0385373
6.54108 -3.52348 -0.0648381
6.45281 -3.47593 -0.0895499
6.51412 -3.50896 -0.116235
6.4521 -3.47555 -0.140717
6.45163 -3.4753 -0.166299
6.50389 -3.50345 -0.193448
6.50325 -3.5031 -0.219233
6.43215 -3.4648 -0.242365
6.46123 -3.45287 0.243027
6.59417 -3.52392 0.221903
6.46257 -3.45359 0.191877
6.50721 -3.47744 0.167433
6.53414 -3.49184 0.142253
6.48162 -3.46377 0.115449
6.4643 -3.45452 0.0895501
6.46454 -3.45464 0.0639657
6.52643 -3.48772 0.0387461
6.46477 -3.45477 0.012793
6.46477 -3.45477 -0.0127928
6.42942 -3.43587 -0.0381708
6.54391 -3.49706 -0.0647509
6.48194 -3.46394 -0.0897942
6.52572 -3.48734 -0.116235
6.47241 -3.45885 -0.140909
6.47194 -3.4586 -0.166526
6.48902 -3.46773 -0.192662
6.48839 -3.46739 -0.218343
6.49649 -3.47172 -0.244354
6.47205 -3.43256 0.243027
6.41977 -3.40484 0.215673
6.49105 -3.44264 0.192401
6.50044 -3.44762 0.166979
6.47441 -3.43381 0.140717
6.52781 -3.46213 0.116078
6.40445 -3.39671 0.0885728
6.40469 -3.39683 0.0632676
6.49319 -3.44377 0.0384843
6.40492 -3.39696 0.0126534
6.53744 -3.46724 -0.012915
6.50202 -3.44846 -0.0385373
6.51069 -3.45306 -0.0643145
6.56346 -3.48104 -0.0907716
6.51897 -3.45745 -0.11592
6.43908 -3.41508 -0.139949
6.43861 -3.41483 -0.165391
6.57936 -3.48948 -0.195018
6.49042 -3.4423 -0.218046
6.49853 -3.44661 -0.244023
6.48339 -3.41108 0.243027
6.43103 -3.38353 0.215673
6.50243 -3.42109 0.192401
6.51183 -3.42604 0.166979
6.48576 -3.41233 0.140717
6.53925 -3.44047 0.116078
6.41568 -3.37545 0.0885728
6.41592 -3.37558 0.0632676
6.50457 -3.42222 0.0384843
6.41615 -3.3757 0.0126534
6.5489 -3.44554 -0.012915
6.51342 -3.42688 -0.0385373
6.52211 -3.43145 -0.0643145
6.57497 -3.45926 -0.0907716
6.5304 -3.43581 -0.11592
6.45037 -3.3937 -0.139949
6.4499 -3.39346 -0.165391
6.5909 -3.46764 -0.195018
6.5018 -3.42076 -0.218046
6.50993 -3.42504 -0.244023
6.49467 -3.38956 0.243027
6.57513 -3.43155 0.220123
6.57578 -3.43189 0.194233
6.46998 -3.37667 0.165618
6.49704 -3.3908 0.140717
6.6304 -3.4604 0.117491
6.57754 -3.43281 0.0906497
6.57778 -3.43293 0.0647511
6.50702 -3.396 0.038432
6.51596 -3.40067 0.0128279
6.58688 -3.43769 -0.0129673
6.54248 -3.41451 -0.038642
6.52459 -3.40517 -0.0642273
6.52435 -3.40505 -0.0899164
6.57722 -3.43264 -0.116549
6.57682 -3.43243 -0.142445
6.57634 -3.43218 -0.168341
6.5226 -3.40414 -0.192662
6.48652 -3.38531 -0.217156
6.53897 -3.41268 -0.244686
6.55097 -3.39135 0.218937
6.596 -3.41466 0.194495
6.56992 -3.40116 0.167886
6.52601 -3.37843 0.141101
6.63296 -3.4338 0.117334
6.50897 -3.36961 0.0895501
6.5092 -3.36973 0.0639657
6.66033 -3.44796 0.0392697
6.50056 -3.36525 0.0127756
6.58049 -3.40663 -0.0129324
6.536 -3.3836 -0.0385373
6.53584 -3.38352 -0.0642273
6.57113 -3.40178 -0.0904051
6.53529 -3.38323 -0.115606
6.51713 -3.37383 -0.140909
6.51665 -3.37359 -0.166526
6.5161 -3.3733 -0.192139
6.4267 -3.32702 -0.214783
6.48812 -3.35881 -0.242365
6.56159 -3.37075 0.218937
6.60669 -3.39392 0.194495
6.58058 -3.38051 0.167886
6.53659 -3.35791 0.141101
6.64372 -3.41294 0.117334
6.51952 -3.34914 0.0895501
6.51976 -3.34926 0.0639657
6.67113 -3.42702 0.0392697
6.5111 -3.34482 0.0127756
6.59116 -3.38594 -0.0129324
6.5466 -3.36305 -0.0385373
6.54644 -3.36297 -0.0642273
6.58178 -3.38112 -0.0904051
6.54588 -3.36268 -0.115606
6.5277 -3.35334 -0.140909
6.52722 -3.3531 -0.166526
6.52666 -3.35281 -0.192139
6.43712 -3.30681 -0.214783
6.49864 -3.33841 -0.242365
6.53974 -3.33216 -0.0640527
6.66423 -3.3956 -0.0913824
6.64609 -3.38635 -0.117177
6.57338 -3.3493 -0.193186
6.5282 -3.32629 -0.217453
6.58092 -3.35315 -0.245017
6.50351 -3.28659 -0.216266
6.64552 -3.35835 -0.247007
6.63948 -3.3277 -0.22042
6.66556 -3.34077 -0.247338
6.6499 -3.30683 -0.22042
6.67602 -3.31982 -0.247338
9.85121 -4.85808 0.364375
10.0179 -4.9403 -0.0584867
8.78548 -4.33252 -0.290728
8.70385 -4.29226 -0.321937
9.83135 -4.80782 0.363049
9.9761 -4.87861 0.329591
10.013 -4.89665 0.291873
9.96895 -4.87511 0.25183
9.99833 -4.88948 0.0582763
9.96239 -4.8719 -0.0580678
9.94917 -4.86544 -0.328701
10.0199 -4.90003 -0.370013
9.84724 -4.77519 0.363049
9.99223 -4.8455 0.329591
10.0292 -4.86342 0.291873
9.98506 -4.84202 0.25183
10.0145 -4.85629 0.0582763
9.97849 -4.83884 -0.0580678
9.96525 -4.83242 -0.328701
10.0361 -4.86677 -0.370013
9.88021 -4.7529 0.363712
9.98938 -4.80542 0.328998
9.94532 -4.78422 0.288994
9.90112 -4.76296 0.249334
9.97392 -4.79798 0.212516
10.1097 -4.86329 0.176237
10.1102 -4.86353 0.137074
9.95736 -4.79001 0.0964285
9.84946 -4.73811 0.0572291
10.0298 -4.82487 0.0194252
9.86761 -4.74684 -0.0191107
9.84946 -4.73811 -0.05723
9.96637 -4.79435 -0.0965154
9.8759 -4.75083 -0.133897
10.1097 -4.86329 -0.176237
10.01 -4.81532 -0.213283
10.1173 -4.86697 -0.25478
10.1165 -4.86656 -0.293967
9.92633 -4.77509 -0.326921
9.93425 -4.7789 -0.365702
9.95004 -4.74593 0.365701
9.96016 -4.75075 0.327515
9.91601 -4.7297 0.287685
9.96198 -4.75162 0.250468
9.95368 -4.74766 0.211748
10.0445 -4.791 0.174823
10.045 -4.79123 0.135974
10.1717 -4.85168 0.0983483
10.0005 -4.77 0.0580145
9.98258 -4.76145 0.019303
10.0006 -4.77006 -0.0193376
9.97343 -4.75708 -0.0578583
9.79268 -4.67087 -0.0946828
9.97282 -4.75679 -0.134997
10.0536 -4.7953 -0.17498
10.0259 -4.7821 -0.213283
10.0161 -4.77744 -0.251831
10.0153 -4.77704 -0.290564
10.0594 -4.79809 -0.330778
9.94102 -4.74162 -0.365371
9.8302 -4.64881 0.360728
9.97586 -4.7177 0.327515
9.94068 -4.70106 0.287947
10.0319 -4.7442 0.25183
9.94226 -4.70181 0.211172
9.9067 -4.68499 0.172153
9.90719 -4.68522 0.133898
9.86235 -4.66402 0.0952068
9.96203 -4.71116 0.0577003
9.80847 -4.63854 0.0189365
10.0526 -4.75397 -0.0194074
10.0796 -4.76673 -0.0583819
10.007 -4.73242 -0.0966027
10.088 -4.77072 -0.136341
9.94286 -4.70209 -0.172781
9.98745 -4.72318 -0.212131
9.97768 -4.71856 -0.250469
9.97683 -4.71816 -0.288994
10.003 -4.73052 -0.328404
10.0561 -4.75563 -0.369018
9.84556 -4.61619 0.360728
9.99144 -4.68459 0.327515
9.95621 -4.66807 0.287947
10.0476 -4.71091 0.25183
9.95779 -4.66881 0.211172
9.92219 -4.65212 0.172153
9.92267 -4.65234 0.133898
9.87776 -4.63129 0.0952068
9.9776 -4.6781 0.0577003
9.8238 -4.60599 0.0189365
10.0683 -4.7206 -0.0194074
10.0953 -4.73328 -0.0583819
10.0226 -4.69921 -0.0966027
10.1037 -4.73724 -0.136341
9.9584 -4.66909 -0.172781
10.0031 -4.69003 -0.212131
9.99327 -4.68544 -0.250469
9.99242 -4.68504 -0.288994
10.0186 -4.69732 -0.328404
10.0718 -4.72226 -0.369018
10.0413 -4.66952 0.367359
10.1693 -4.72904 0.332855
10.0524 -4.67471 0.290303
9.94449 -4.62452 0.24888
9.98148 -4.64172 0.211364
10.0455 -4.67152 0.174038
10.046 -4.67174 0.135364
10.0011 -4.65083 0.096254
10.0013 -4.65094 0.0577527
9.81102 -4.56245 0.0188841
10.0558 -4.6763 -0.019355
10.1192 -4.70576 -0.0584343
10.0827 -4.68878 -0.097039
10.1458 -4.71812 -0.136707
10.0818 -4.68838 -0.174666
10.1537 -4.72182 -0.215011
9.98075 -4.64138 -0.249789
9.97989 -4.64098 -0.288208
10.1421 -4.7164 -0.331964
10.005 -4.65267 -0.366034
9.87517 -4.55251 0.360728
10.0215 -4.61997 0.327515
10.0951 -4.6539 0.291088
10.0506 -4.63337 0.251149
9.96049 -4.59185 0.210596
10.0791 -4.64655 0.174352
10.0796 -4.64678 0.135608
10.0982 -4.65532 0.0970394
10.1075 -4.65962 0.0582763
9.94415 -4.58432 0.019111
10.0531 -4.63456 -0.0193201
9.95311 -4.58845 -0.0573871
9.99828 -4.60927 -0.0960791
10.0252 -4.62166 -0.134875
10.0973 -4.65492 -0.174666
9.96049 -4.59185 -0.210595
10.1141 -4.66267 -0.252738
10.1132 -4.66227 -0.291611
9.90348 -4.56557 -0.323658
10.1112 -4.66131 -0.369349
10.0084 -4.57375 0.365038
9.94584 -4.54517 0.324548
10.0559 -4.59547 0.289518
10.0931 -4.61248 0.25183
10.1121 -4.62113 0.213475
9.97628 -4.55907 0.17231
9.97676 -4.5593 0.13402
10.0863 -4.60934 0.0967776
10.0228 -4.58036 0.0577003
10.0593 -4.59704 0.019303
10.2231 -4.67185 -0.0196168
10.1502 -4.63855 -0.0584343
10.2227 -4.67168 -0.0980862
10.1132 -4.62164 -0.135852
10.1127 -4.62141 -0.174666
10.1939 -4.65853 -0.215203
10.1386 -4.63326 -0.252965
10.1377 -4.63286 -0.291873
10.0822 -4.60748 -0.328998
10.1175 -4.6236 -0.369018
10.0235 -4.54053 0.365038
9.96086 -4.51216 0.324548
10.0711 -4.5621 0.289518
10.1084 -4.57899 0.25183
10.1273 -4.58757 0.213475
9.99134 -4.52597 0.17231
9.99183 -4.52619 0.13402
10.1015 -4.57586 0.0967776
10.038 -4.54709 0.0577003
10.0745 -4.56365 0.019303
10.2385 -4.63793 -0.0196168
10.1655 -4.60486 -0.0584343
10.2381 -4.63776 -0.0980862
10.1285 -4.58808 -0.135852
10.128 -4.58785 -0.174666
10.2093 -4.6247 -0.215203
10.1539 -4.59961 -0.252965
10.1531 -4.59922 -0.291873
10.0974 -4.57403 -0.328998
10.1327 -4.59002 -0.369018
9.90301 -4.44851 0.284282
9.96075 -4.47445 0.0952941
10.2803 -4.61798 0.0590093
10.0979 -4.53608 0.0193205
9.93375 -4.46232 -0.019006
10.1069 -4.54012 -0.0580154
10.0428 -4.51133 -0.0960791
10.0242 -4.50297 -0.134264
10.1332 -4.55191 -0.174509
10.1964 -4.58032 -0.214627
10.1774 -4.57179 -0.253192
10.1766 -4.5714 -0.292135
10.0479 -4.51361 -0.326921
10.1015 -4.53769 -0.36736
10.2017 -4.54208 -0.253419
10.3013 -4.58642 -0.295276
10.3003 -4.58597 -0.334634
10.2626 -4.56921 -0.372665
10.299 -4.54455 -0.255461
9.95973 -4.39484 -0.285067
9.95876 -4.39441 -0.323065
10.314 -4.51037 -0.255461
9.97425 -4.36179 -0.285067
9.97328 -4.36136 -0.323065
11.5746 -5.01837 -0.330353
11.5735 -5.01788 -0.374387
12.8837 -5.33661 -0.365169
12.8824 -5.33608 -0.413843
13.5057 -5.23579 -0.379304
13.5229 -5.19097 -0.379304
13.2702 -5.04354 -0.322162
13.3056 -5.00655 -0.322615
14.0332 -5.23006 -0.339858
14.1922 -5.23579 -0.290457
14.0692 -5.19042 -0.340312
14.0118 -5.16922 -0.391084
14.2095 -5.18869 -0.290457
14.0864 -5.14374 -0.340312
14.0288 -5.12272 -0.391084
13.6427 -4.93049 -0.329195
13.8003 -4.9385 -0.281434
13.5828 -4.86066 -0.32738
13.7699 -4.92761 -0.382969
13.7119 -4.85564 -0.330102
12.8211 -4.49239 -0.355745
13.0343 -4.51861 -0.361242
13.0306 -4.47153 -0.312633
12.6985 -4.35759 -0.351557
13.0453 -4.4283 -0.312633
12.7129 -4.31545 -0.351557
13.2495 -4.44865 -0.31717
12.4429 -4.17781 -0.343704
13.1987 -4.38296 -0.267036
12.8562 -4.26921 -0.307415
12.3618 -4.10503 -0.341086
12.4516 -4.09148 -0.297432
12.4411 -4.08801 -0.342918
13.8924 -4.51391 -0.280474
12.6458 -4.10887 -0.301743
12.6637 -4.1147 -0.348677
13.8129 -4.4375 -0.227914
12.5642 -4.03633 -0.299474
12.8296 -4.1216 -0.352865
13.8276 -4.39167 -0.227914
12.5775 -3.99465 -0.299474
12.8432 -4.07903 -0.352865
14.1854 -4.45631 -0.181665
14.2038 -4.46208 -0.233883
12.629 -3.96739 -0.254174
12.4946 -3.92515 -0.297205
12.4121 -3.85405 -0.294937
12.463 -3.8246 -0.295844
12.8966 -3.9109 -0.305827
11.7475 -3.56245 -0.321453
13.9057 -4.16928 -0.278746
14.0292 -4.2063 -0.332371
13.3865 -4.01359 -0.365954
14.3422 -4.24835 -0.234982
13.7278 -4.06635 -0.274907
14.1581 -4.19383 -0.335093
13.5051 -4.00041 -0.368833
13.2998 -3.89165 -0.266076
13.8649 -4.05701 -0.327833
14.2475 -4.16896 -0.388728
13.3126 -3.84752 -0.266076
13.8783 -4.01101 -0.327833
14.2612 -4.12169 -0.388728
13.7669 -3.93199 -0.274907
14.035 -4.00857 -0.331237
13.7125 -3.86731 -0.273563
13.9692 -3.83989 -0.27817
14.1289 -3.78582 -0.280858
12.939 -3.46699 -0.350771
14.2191 -3.56103 -0.23027
12.4811 -2.90903 -0.335589
12.44 -2.72828 -0.333495
14.387 -3.10796 -0.179833
14.3973 -3.06023 -0.179833
13.3861 -2.70885 -0.262236
12.2679 -2.27371 -0.283139
13.0238 -2.36918 -0.254174
11.9289 -2.17 -0.359851
11.9175 -2.12712 -0.317003
11.8868 -2.12165 -0.358367
11.8365 -2.07432 -0.272703
11.7174 -2.05344 -0.311506
11.9714 -2.05707 -0.275652
11.7832 -2.02473 -0.313076
10.952 -1.84452 -0.290826
10.7932 -1.81778 -0.324845
11.6001 -1.91415 -0.266804
10.6424 -1.75611 -0.282449
10.4934 -1.73153 -0.315648
11.2911 -1.82673 -0.219618
10.9744 -1.77551 -0.252284
10.4406 -1.68914 -0.276952
10.2127 -1.65226 -0.307045
9.97474 -1.61377 -0.3352
11.5057 -1.82233 -0.142327
11.4452 -1.81274 -0.222498
10.8124 -1.71252 -0.248427
10.3573 -1.64044 -0.274596
10.4846 -1.6606 -0.315055
10.8682 -1.68443 -0.211171
10.7587 -1.66746 -0.247066
10.3627 -1.60608 -0.274596
9.9962 -1.54928 -0.300222
9.84695 -1.52615 -0.330558
11.1221 -1.68603 -0.13744
10.5673 -1.60193 -0.20522
10.7741 -1.63328 -0.247293
10.4767 -1.58819 -0.277476
10.3373 -1.56706 -0.310308
10.3652 -1.538 -0.164613
10.3448 -1.53497 -0.200805
10.71 -1.58915 -0.245705
10.1553 -1.50685 -0.268837
10.1543 -1.5067 -0.304672
9.62922 -1.42879 -0.322932
10.3703 -1.50362 -0.164613
10.3498 -1.50066 -0.200805
10.7152 -1.55363 -0.245705
10.1602 -1.47316 -0.268837
10.1592 -1.47302 -0.304672
9.6339 -1.39685 -0.322932
11.2073 -1.58706 -0.138295
11.2761 -1.5968 -0.178907
10.4637 -1.48175 -0.202917
10.4332 -1.47743 -0.239126
9.86813 -1.39742 -0.260984
10.0156 -1.4183 -0.300222
11.1234 -1.53756 -0.137196
10.8653 -1.50189 -0.17231
10.4982 -1.45115 -0.203492
10.1211 -1.39902 -0.231866
10.1797 -1.40712 -0.269099
10.1193 -1.39877 -0.303188
9.42515 -1.30282 -0.315638
11.5943 -1.56556 -0.1021
10.8205 -1.46106 -0.171524
10.6811 -1.44224 -0.206948
10.5812 -1.42876 -0.242302
9.97602 -1.34704 -0.263602
9.97504 -1.34691 -0.298738
9.70652 -1.31065 -0.324921
11.7089 -1.54151 -0.0206116
11.3221 -1.49059 -0.0597957
11.1533 -1.46836 -0.0981735
11.3512 -1.49441 -0.139884
10.5477 -1.38863 -0.167126
10.5272 -1.38593 -0.203876
10.4868 -1.38061 -0.240033
10.0696 -1.32569 -0.265958
9.94973 -1.30991 -0.297848
11.4064 -1.46321 -0.0602146
11.3565 -1.45682 -0.0999188
11.1181 -1.42623 -0.136951
10.6309 -1.36374 -0.205796
10.4417 -1.33947 -0.238899
9.88558 -1.26813 -0.260984
10.1027 -1.29598 -0.302298
9.39778 -1.20555 -0.314312
11.1624 -1.39431 -0.13744
10.8636 -1.35698 -0.210212
10.4957 -1.31103 -0.240033
10.2766 -1.28366 -0.271193
9.82925 -1.22778 -0.293992
11.0576 -1.34594 -0.136096
10.9372 -1.3313 -0.211555
10.4998 -1.27805 -0.240033
10.2905 -1.25258 -0.271455
9.76361 -1.18844 -0.291915
11.1915 -1.3246 -0.098348
11.062 -1.30927 -0.136096
10.5947 -1.25397 -0.167598
10.8125 -1.27975 -0.20906
10.365 -1.22677 -0.236857
9.75852 -1.155 -0.25732
9.72779 -1.15136 -0.290728
11.1556 -1.28286 -0.137196
10.6584 -1.22568 -0.16854
10.7968 -1.2416 -0.208676
10.4186 -1.19811 -0.237991
10.666 -1.22656 -0.281141
9.8805 -1.13622 -0.295178
11.3891 -1.27145 -0.0600051
11.3192 -1.26366 -0.0993952
11.0704 -1.23588 -0.136096
10.5829 -1.18146 -0.167283
10.4134 -1.16253 -0.201189
10.4822 -1.17021 -0.239352
10.3223 -1.15236 -0.271979
9.96369 -1.11232 -0.297552
9.9328 -1.10888 -0.331552
13.2314 -1.43506 0.162607
12.6752 -1.37473 0.111264
11.393 -1.23567 -0.0600051
11.2436 -1.21946 -0.0986971
11.283 -1.22373 -0.138662
10.8948 -1.18163 -0.172153
10.5661 -1.14598 -0.204068
10.5057 -1.13943 -0.239806
10.3756 -1.12532 -0.273287
9.76839 -1.05946 -0.291618
9.34999 -1.01408 -0.311991
13.3548 -1.40364 0.21095
12.6693 -1.33159 0.155644
12.2421 -1.2867 0.107424
11.8348 -1.24389 0.0207691
11.6259 -1.22194 -0.0204022
10.6699 -1.12145 -0.16854
10.7488 -1.12974 -0.207524
10.052 -1.05651 -0.22937
9.92193 -1.04284 -0.261246
9.92096 -1.04273 -0.296068
9.56204 -1.00501 -0.318953
13.1611 -1.33917 0.16163
12.7039 -1.29266 0.111438
12.2366 -1.24511 0.0644023
11.1524 -1.13479 -0.0195644
10.6437 -1.08303 -0.168069
10.3049 -1.04855 -0.198885
10.3539 -1.05353 -0.236176
10.343 -1.05243 -0.27224
9.85475 -1.00275 -0.293992
9.02839 -0.918662 -0.30105
10.6466 -1.04766 -0.205412
10.1882 -1.00255 -0.232319
10.0978 -0.993652 -0.265696
10.6731 -0.980717 -0.205796
10.3637 -0.952287 -0.236176
10.4325 -0.958608 -0.274335
9.98353 -0.917357 -0.297552
10.647 -0.94273 -0.167912
10.3476 -0.916218 -0.199461
10.0381 -0.888816 -0.228689
9.6788 -0.857 -0.25444
9.80729 -0.868377 -0.292212
10.2416 -0.872615 -0.161472
9.8724 -0.841157 -0.190246
9.74218 -0.830062 -0.221883
9.9306 -0.846116 -0.260984
9.62089 -0.819727 -0.286575
10.1945 -0.836348 -0.160686
10.4131 -0.854282 -0.200613
9.97392 -0.818253 -0.227101
9.48487 -0.778132 -0.249205
9.95217 -0.816469 -0.296365
9.28369 -0.761627 -0.309007
10.4863 -0.825288 -0.165242
10.2066 -0.803273 -0.196581
10.5546 -0.830668 -0.24026
9.74651 -0.767067 -0.256011
9.56619 -0.752876 -0.284795
9.08689 -0.715154 -0.302376
10.578 -0.797224 -0.203684
10.358 -0.780636 -0.235722
9.91846 -0.747514 -0.260461
9.9474 -0.749694 -0.296068
10.4709 -0.75424 -0.201573
10.1212 -0.729045 -0.230277
9.77133 -0.703846 -0.256534
10.0994 -0.727476 -0.300518
9.75933 -0.702982 -0.32459
11.0434 -0.760611 -0.0966027
11.1228 -0.766079 -0.136218
10.3336 -0.711723 -0.198885
10.2331 -0.704802 -0.232773
10.0128 -0.68963 -0.262817
9.40357 -0.647667 -0.279752
9.96091 -0.686054 -0.331221
11.3656 -0.744941 -0.0198786
11.0362 -0.723349 -0.0579107
10.9162 -0.715483 -0.0954682
10.7761 -0.706301 -0.131943
10.137 -0.664414 -0.159587
10.5155 -0.689222 -0.202341
10.1855 -0.667594 -0.231639
9.25696 -0.606733 -0.242922
9.77471 -0.640669 -0.290728
9.6041 -0.629486 -0.319285
10.5392 -0.655685 -0.0921522
10.7883 -0.671183 -0.132065
10.5583 -0.656871 -0.166184
10.0088 -0.622685 -0.19255
10.1777 -0.633193 -0.231412
9.36673 -0.58274 -0.311328
10.9107 -0.642481 -0.095381
10.521 -0.619534 -0.128766
10.5604 -0.621855 -0.166184
10.2504 -0.603597 -0.197157
10.0799 -0.593563 -0.229143
9.57813 -0.564013 -0.31829
12.0112 -0.669427 0.0629886
12.211 -0.680565 0.021345
11.1822 -0.623226 -0.0977371
10.5029 -0.585365 -0.128522
10.6022 -0.590901 -0.166812
10.3121 -0.57473 -0.198309
10.4311 -0.581364 -0.237084
9.14078 -0.509449 -0.303702
11.8832 -0.622774 0.103846
12.0932 -0.63378 0.0634075
11.9236 -0.62489 0.0208389
11.1745 -0.585631 -0.0585914
11.1942 -0.586664 -0.0978244
10.7644 -0.564139 -0.131698
10.6441 -0.557832 -0.167441
9.83469 -0.515414 -0.189094
9.80402 -0.513807 -0.222791
9.76325 -0.51167 -0.256011
9.68244 -0.507435 -0.287762
9.4119 -0.493257 -0.312654
11.9352 -0.585815 0.104282
11.4261 -0.560828 -0.0599004
10.9464 -0.537283 -0.0956428
10.8062 -0.530401 -0.132187
10.4861 -0.514689 -0.164927
10.4355 -0.512207 -0.200613
10.4847 -0.51462 -0.238218
10.0944 -0.495464 -0.264649
9.78391 -0.480225 -0.290728
9.87268 -0.484582 -0.327905
12.8256 -0.586895 0.156865
10.9182 -0.49961 -0.095381
10.7979 -0.494107 -0.132065
10.4478 -0.478085 -0.164299
10.0576 -0.460232 -0.193318
10.0769 -0.461112 -0.228916
9.79639 -0.448278 -0.256796
9.55579 -0.437268 -0.283905
9.40498 -0.430368 -0.312322
10.8398 -0.461901 -0.0946828
11.2689 -0.48019 -0.137807
10.5991 -0.451646 -0.166655
10.2288 -0.435869 -0.196581
10.1082 -0.43073 -0.229597
9.84768 -0.419628 -0.258105
9.75685 -0.415757 -0.289838
9.38631 -0.399968 -0.311659
10.7813 -0.423597 -0.0941593
10.7509 -0.422404 -0.131454
10.3008 -0.404719 -0.161943
10.2302 -0.401946 -0.196581
9.98972 -0.392497 -0.226874
10.0588 -0.395211 -0.263602
9.42857 -0.37045 -0.280049
9.30769 -0.3657 -0.309007
10.5927 -0.381013 -0.0925012
10.0727 -0.362309 -0.123146
10.2321 -0.368042 -0.160843
10.4014 -0.374129 -0.199845
9.61131 -0.345712 -0.218253
9.64046 -0.34676 -0.252608
9.4697 -0.340618 -0.281235
9.67841 -0.348126 -0.321274
10.2042 -0.333159 -0.0890979
10.4437 -0.340978 -0.127667
10.0834 -0.329215 -0.158487
10.2227 -0.333763 -0.196389
10.0521 -0.328192 -0.228236
9.42175 -0.307613 -0.246849
9.40085 -0.306931 -0.279159
9.1401 -0.298418 -0.303371
11.0051 -0.3247 -0.0576489
10.535 -0.310832 -0.0919776
10.4347 -0.307871 -0.127544
10.4042 -0.306972 -0.163514
10.2037 -0.301056 -0.196005
10.4028 -0.306931 -0.236176
9.70245 -0.286267 -0.254178
9.56163 -0.282112 -0.283905
9.02111 -0.266165 -0.299392
10.9062 -0.28559 -0.0190409
10.7762 -0.282184 -0.0564446
10.2957 -0.269602 -0.125834
10.2752 -0.269066 -0.161472
9.76485 -0.255702 -0.187559
9.70417 -0.254113 -0.220295
9.31361 -0.243886 -0.243969
9.5725 -0.250665 -0.284202
9.35165 -0.244882 -0.310333
10.8072 -0.247136 -0.0188663
10.977 -0.251019 -0.0574918
10.6268 -0.243012 -0.092763
10.7064 -0.244832 -0.130843
10.1961 -0.233162 -0.160215
10.3554 -0.236805 -0.198885
9.58503 -0.219188 -0.217573
9.50426 -0.217341 -0.248943
9.75315 -0.223033 -0.289542
9.2425 -0.211355 -0.306686
11.0977 -0.216963 -0.0581201
11.1974 -0.218912 -0.0977371
10.6072 -0.207372 -0.129621
10.4367 -0.20404 -0.163985
9.95626 -0.194647 -0.191206
9.8056 -0.191701 -0.222564
9.78478 -0.191294 -0.256272
9.29413 -0.181702 -0.275895
8.80347 -0.17211 -0.292098
11.0985 -0.182099 -0.0193725
10.9584 -0.1798 -0.0573871
10.6882 -0.175367 -0.0932866
10.4178 -0.170931 -0.1273
10.3873 -0.170431 -0.1632
10.0268 -0.164516 -0.19255
9.91611 -0.162699 -0.225059
9.60541 -0.157602 -0.251561
9.42458 -0.154635 -0.279752
9.41355 -0.154454 -0.312322
12.298 -0.16099 0.150268
11.489 -0.150399 0.0200535
11.639 -0.152363 -0.0203149
10.8489 -0.14202 -0.0568111
10.7687 -0.14097 -0.0939847
10.4283 -0.136514 -0.127422
10.1879 -0.133367 -0.160058
10.0273 -0.131264 -0.19255
9.83662 -0.128768 -0.223244
9.60588 -0.125748 -0.251561
9.48501 -0.124166 -0.281532
8.74444 -0.114471 -0.290108
11.3694 -0.111127 0.019844
11.0995 -0.108488 -0.0193725
10.8893 -0.106434 -0.0570206
10.7891 -0.105454 -0.0941593
10.2687 -0.100368 -0.125468
10.1383 -0.0990929 -0.159273
10.0877 -0.0985982 -0.193702
9.72703 -0.0950734 -0.220749
9.52628 -0.0931112 -0.249466
9.20551 -0.089976 -0.273225
8.91467 -0.0871333 -0.295745
10.7494 -0.0694175 -0.0938102
10.349 -0.0668321 -0.126445
10.0785 -0.0650855 -0.15833
10.0379 -0.0648232 -0.192742
9.65731 -0.0623652 -0.219161
9.47655 -0.0611979 -0.248158
8.8959 -0.0574481 -0.264029
9.52456 -0.0615079 -0.315969
10.8795 -0.0360781 -0.0949446
10.5392 -0.0349494 -0.128766
10.4986 -0.0348151 -0.164927
10.0781 -0.0334204 -0.19351
9.63747 -0.0319593 -0.218707
9.38673 -0.0311278 -0.245802
9.55574 -0.0316882 -0.283609
8.78512 -0.0291327 -0.291435
10.4696 0 -0.0913668
10.3192 0 -0.126078
10.0888 0 -0.158487
9.81819 0 -0.188518
9.94744 0 -0.22574
9.48675 0 -0.248419
9.19595 0 -0.272929
8.79516 0 -0.291766
10.2392 0.0339546 -0.125101
10.3587 0.0343509 -0.162728
10.0281 0.0332546 -0.19255
9.95738 0.0330201 -0.225967
9.64664 0.0319897 -0.252608
9.60572 0.031854 -0.285092
9.23487 0.0306242 -0.306354
10.279 0.0681738 -0.12559
10.1685 0.067441 -0.159744
9.76799 0.0647845 -0.187559
9.57732 0.06352 -0.217346
9.55651 0.063382 -0.250252
9.42564 0.062514 -0.279752
9.19474 0.0609826 -0.305028
10.0583 0.0983111 -0.158016
9.54778 0.0933214 -0.183335
8.99725 0.0879405 -0.204187
9.54627 0.0933067 -0.24999
9.14554 0.0893898 -0.271445
9.05459 0.0885008 -0.300387
11.479 0.150268 -0.0200357
10.8989 0.142675 -0.0570729
9.44745 0.123674 -0.181415
9.48674 0.124188 -0.215304
9.15608 0.11986 -0.239781
9.29511 0.12168 -0.275895
9.10421 0.119181 -0.302044
10.7585 0.176521 0.0187794
11.0985 0.182099 -0.0193725
10.7284 0.176027 -0.0561828
10.0774 0.165346 -0.15833
9.9361 0.163027 -0.225513
9.27557 0.15219 -0.242922
9.34463 0.153323 -0.277379
8.83395 0.144944 -0.293092
10.8477 0.213969 -0.0568111
10.6575 0.210217 -0.0930248
10.4972 0.207054 -0.128277
10.4167 0.205467 -0.163671
10.2161 0.201511 -0.196197
9.84555 0.194201 -0.223471
8.9252 0.176048 -0.23376
9.28411 0.183127 -0.275599
8.70352 0.171675 -0.288782
10.1869 0.232953 -0.0889233
10.4265 0.238431 -0.127422
9.98616 0.228361 -0.156917
9.93557 0.227205 -0.190822
9.81491 0.224445 -0.222791
9.47427 0.216656 -0.248158
9.16256 0.209528 -0.304034
10.2857 0.269341 -0.125712
9.82542 0.257288 -0.154403
10.2546 0.268526 -0.196965
9.95402 0.260655 -0.225967
9.9132 0.259586 -0.259675
8.58234 0.224736 -0.284804
9.87497 0.291357 -0.120703
9.89447 0.291933 -0.155503
10.2437 0.302235 -0.196773
9.78322 0.28865 -0.22211
9.56256 0.28214 -0.250514
10.2437 0.336239 -0.125223
9.45374 0.310309 -0.148592
9.60306 0.31521 -0.184487
9.66231 0.317155 -0.219388
9.44168 0.309913 -0.247372
9.55065 0.31349 -0.283609
10.7729 0.387493 -0.0564446
10.6223 0.382078 -0.129866
10.0922 0.36301 -0.158644
9.67196 0.347894 -0.185831
9.54137 0.343197 -0.216665
9.17092 0.329872 -0.240305
9.18002 0.330199 -0.272632
11.4108 0.44833 0.0996573
11.2212 0.440882 0.0587999
11.1314 0.437354 0.0194426
10.6317 0.417719 -0.0557116
10.5614 0.41496 -0.0922394
10.4811 0.411805 -0.128155
9.91113 0.389409 -0.155817
9.53089 0.37447 -0.183143
9.55017 0.375227 -0.216892
8.7902 0.345368 -0.230357
9.22881 0.362601 -0.274115
9.06801 0.356283 -0.30105
12.3483 0.526184 0.10786
11.4195 0.486604 0.059847
10.9301 0.465749 0.0190936
10.6895 0.455499 -0.130721
9.7999 0.417591 -0.154089
9.87921 0.420971 -0.189862
9.93757 0.423458 -0.260461
9.22756 0.393203 -0.274115
9.09674 0.387628 -0.302044
11.228 0.515752 0.0588522
11.2381 0.516217 0.0196346
10.3183 0.473968 -0.126201
10.3978 0.477615 -0.163514
10.1374 0.465658 -0.194854
9.07731 0.416961 -0.237949
8.73694 0.401326 -0.259579
8.7859 0.403575 -0.291766
11.1764 0.548572 0.0585904
11.0267 0.541225 0.0192681
9.59773 0.471087 -0.117404
10.1765 0.499494 -0.160058
9.92622 0.48721 -0.190822
9.61513 0.47194 -0.252084
8.92532 0.438083 -0.265216
8.6049 0.422356 -0.285798
11.3742 0.596098 0.0596376
11.5541 0.605526 0.0201931
10.2252 0.53588 -0.125101
10.055 0.526958 -0.158173
9.78477 0.512798 -0.188135
9.53446 0.49968 -0.216665
9.51368 0.498591 -0.249466
9.66248 0.506389 -0.287169
8.82303 0.462396 -0.293092
11.2923 0.629361 0.0592187
10.7932 0.601546 0.0188667
10.3731 0.578131 -0.126934
10.0132 0.558073 -0.157545
9.56339 0.533002 -0.183911
9.42295 0.525174 -0.214169
9.40218 0.524017 -0.246587
9.3813 0.522854 -0.278862
8.93122 0.497769 -0.296739
10.9509 0.646768 0.0191459
10.1615 0.600147 -0.124368
9.78174 0.577717 -0.153932
9.861 0.582397 -0.18967
9.52095 0.562314 -0.216438
9.40039 0.555193 -0.246587
9.13006 0.539228 -0.271445
8.80979 0.520312 -0.292761
11.1884 0.69607 0.0195648
10.3792 0.645727 -0.127056
9.92957 0.617757 -0.156288
9.24043 0.574882 -0.177768
9.5391 0.593464 -0.216892
9.18908 0.571688 -0.24109
9.18818 0.571632 -0.273225
8.88792 0.552951 -0.295413
10.347 0.67818 -0.126689
9.88756 0.648065 -0.15566
9.86701 0.646718 -0.189862
9.21784 0.604169 -0.209632
8.98763 0.58908 -0.235854
9.20618 0.603405 -0.273819
8.9359 0.58569 -0.297071
9.99557 0.688441 -0.122413
9.81553 0.67604 -0.154561
9.53565 0.656763 -0.183527
9.54492 0.657402 -0.217119
9.09533 0.626437 -0.238734
9.19416 0.633244 -0.273522
9.09344 0.626307 -0.302376
9.92342 0.716543 -0.121558
9.68359 0.699225 -0.152519
9.65308 0.697022 -0.185831
9.44298 0.681851 -0.21485
9.29261 0.670994 -0.243969
8.99262 0.649332 -0.267589
9.09132 0.656459 -0.302376
10.0711 0.759014 -0.088138
10.0109 0.754478 -0.122658
9.96052 0.750684 -0.156917
9.51127 0.716825 -0.183143
9.51057 0.716773 -0.216438
9.25059 0.697179 -0.242922
9.04037 0.681336 -0.269072
9.19884 0.693279 -0.306023
10.3077 0.811236 -0.0902323
10.098 0.794731 -0.123757
9.639 0.758606 -0.15189
9.4889 0.746793 -0.182759
9.66761 0.760857 -0.220068
8.88946 0.699615 -0.233499
9.04803 0.712095 -0.269369
8.57874 0.675161 -0.285467
10.4345 0.856042 -0.0913668
10.2348 0.839659 -0.125468
9.81581 0.805281 -0.154718
9.57606 0.785612 -0.184487
9.2864 0.761849 -0.211447
9.54465 0.783036 -0.250775
9.0755 0.744547 -0.270259
8.78563 0.720767 -0.292429
9.58476 0.818334 -0.0839492
10.0527 0.858284 -0.123269
9.76327 0.833575 -0.153932
9.46382 0.808008 -0.182375
9.18421 0.784136 -0.209178
9.16351 0.782368 -0.240828
9.11282 0.77804 -0.271445
8.74336 0.746496 -0.291103
10.0503 0.889893 -0.0880507
9.79096 0.866931 -0.120092
9.67097 0.856306 -0.152519
9.4214 0.834208 -0.181607
9.25141 0.819157 -0.210766
9.26058 0.819969 -0.243446
9.04063 0.800494 -0.269369
8.85049 0.783657 -0.29475
10.0971 0.927791 -0.088487
9.66854 0.888414 -0.118626
9.80747 0.90118 -0.154718
9.6177 0.883743 -0.185447
9.50749 0.873616 -0.216665
9.07863 0.834209 -0.238734
8.98816 0.825896 -0.267885
7.88244 0.724294 -0.26259
10.293 0.980229 -0.0902323
10.1832 0.969765 -0.124979
9.85419 0.938437 -0.155503
9.84364 0.937432 -0.189862
9.00692 0.857749 -0.205321
9.15543 0.871891 -0.240828
8.5575 0.81495 -0.255129
8.50681 0.810123 -0.283477
10.9567 1.08011 0.0576479
10.9171 1.0762 0.0191459
10.489 1.034 -0.055188
10.021 0.98787 -0.0878761
10.1401 0.999605 -0.12449
10.1396 0.999556 -0.160058
9.65143 0.951433 -0.186215
9.18311 0.905267 -0.209405
9.23207 0.910093 -0.242922
9.05212 0.892354 -0.269962
8.10623 0.799108 -0.270215
11.2618 1.14592 0.0197568
9.94825 1.01226 -0.0872653
9.95784 1.01324 -0.122291
9.99714 1.01724 -0.157859
9.63844 0.980737 -0.186023
9.31947 0.948281 -0.212581
9.15955 0.932008 -0.24109
8.76089 0.891443 -0.261359
8.3622 0.850876 -0.278836
11.0889 1.16549 0.0194601
10.4222 1.09542 -0.091454
10.3224 1.08492 -0.126811
9.70534 1.02007 -0.153304
9.8539 1.03569 -0.190246
9.54495 1.00321 -0.217799
8.9178 0.937299 -0.234807
9.33445 0.98109 -0.278565
9.01535 0.947552 -0.300718
10.8066 1.17206 0.0189714
10.2197 1.10841 -0.0897087
9.82166 1.06524 -0.120703
9.74166 1.05656 -0.153932
9.23414 1.00152 -0.178344
9.07443 0.984196 -0.207136
9.04385 0.980879 -0.23821
8.90384 0.965694 -0.265809
8.71408 0.945113 -0.290772
11.1505 1.24679 0.0195823
10.6337 1.189 -0.0186744
10.2063 1.14121 -0.0537742
9.89794 1.10673 -0.0869162
9.92739 1.11003 -0.122047
9.63874 1.07775 -0.152361
9.32019 1.04213 -0.180072
9.29964 1.03983 -0.212354
9.05048 1.01198 -0.238472
8.87079 0.991883 -0.264919
8.79035 0.98289 -0.293424
10.7491 1.23611 0.0188841
10.5901 1.21782 -0.0558163
9.80501 1.12754 -0.0861309
10.2318 1.17662 -0.125834
9.6055 1.1046 -0.15189
9.51552 1.09425 -0.183911
9.4751 1.0896 -0.216438
9.38491 1.07923 -0.247372
8.82791 1.01518 -0.263732
8.678 0.99794 -0.289777
10.5065 1.24353 -0.0553974
9.89058 1.17063 -0.0869162
9.90015 1.17176 -0.121803
9.63158 1.13997 -0.152361
9.23384 1.0929 -0.178536
9.12395 1.07989 -0.208498
9.17281 1.08567 -0.241875
8.65575 1.02448 -0.258689
8.6548 1.02436 -0.289114
10.4527 1.27232 -0.0551356
10.2142 1.24329 -0.089796
10.0947 1.22875 -0.124246
9.45901 1.15137 -0.149691
9.34926 1.13801 -0.18084
9.27911 1.12947 -0.212128
9.02031 1.09797 -0.237949
8.85075 1.07733 -0.264622
8.73072 1.06272 -0.291766
9.88284 1.23623 -0.0521511
9.74369 1.21882 -0.0856945
10.0212 1.25353 -0.123391
9.30632 1.16411 -0.147335
9.35535 1.17025 -0.181031
9.16619 1.14658 -0.209632
9.14557 1.144 -0.241352
8.96615 1.12156 -0.268182
8.7569 1.09539 -0.292761
9.64063 1.2367 -0.0848219
9.66011 1.2392 -0.118993
9.46129 1.2137 -0.149848
9.4508 1.21235 -0.182951
9.13279 1.17156 -0.208951
9.03286 1.15874 -0.238472
8.80395 1.12937 -0.263436
8.73359 1.12035 -0.292098
9.83476 1.29477 -0.0865672
9.765 1.28559 -0.120337
9.76453 1.28552 -0.154718
9.65489 1.27109 -0.186983
9.05947 1.1927 -0.207363
8.93977 1.17694 -0.236116
9.04791 1.19118 -0.270852
8.84874 1.16496 -0.296076
9.81059 1.3247 -0.0863926
9.26522 1.25106 -0.114228
9.6413 1.30184 -0.152833
9.44255 1.275 -0.182951
8.77806 1.18528 -0.201011
9.04479 1.2213 -0.238996
8.62787 1.165 -0.258392
8.80521 1.18895 -0.29475
10.5196 1.45597 -0.0556068
10.2717 1.42166 -0.0904941
9.64731 1.33524 -0.118993
9.50818 1.31599 -0.150791
9.73538 1.34743 -0.18871
9.14049 1.2651 -0.209405
8.89216 1.23073 -0.235069
8.9804 1.24294 -0.269072
8.46461 1.17155 -0.283477
10.3365 1.46374 -0.091105
9.41536 1.3333 -0.116183
9.5832 1.35707 -0.152047
9.45392 1.33876 -0.183335
9.09688 1.2882 -0.208498
8.93774 1.26566 -0.236378
8.8379 1.25152 -0.264919
8.40151 1.18973 -0.281488
9.69821 1.40617 -0.08552
10.0343 1.45491 -0.123879
9.70728 1.40749 -0.154089
9.30101 1.34858 -0.180456
9.17171 1.32983 -0.210313
8.6268 1.25083 -0.228263
8.7051 1.26218 -0.261062
8.78327 1.27351 -0.294419
9.6935 1.43833 -0.08552
10.0294 1.48817 -0.123879
9.70256 1.43967 -0.154089
9.29648 1.37942 -0.180456
9.16725 1.36024 -0.210313
8.62261 1.27943 -0.228263
8.70087 1.29104 -0.261062
8.779 1.30263 -0.294419
10.1929 1.54699 -0.0899705
10.0739 1.52893 -0.12449
9.44071 1.43283 -0.150005
9.40059 1.42674 -0.182567
9.35049 1.41914 -0.214623
8.89505 1.35001 -0.235593
8.66689 1.31539 -0.260172
8.39914 1.27475 -0.28182
9.77294 1.51468 -0.0863054
9.93069 1.53913 -0.12278
9.68318 1.50077 -0.153932
9.64307 1.49455 -0.187367
9.05948 1.4041 -0.208044
8.95004 1.38714 -0.237163
8.84051 1.37016 -0.265512
8.50374 1.31797 -0.285467
11.2694 1.78489 0.0597423
10.3016 1.63161 0.0182035
9.65922 1.52987 -0.0853455
9.83664 1.55797 -0.12168
9.54977 1.51253 -0.15189
9.30231 1.47334 -0.18084
9.26213 1.46698 -0.212808
9.03425 1.43088 -0.239519
8.52 1.34944 -0.256019
8.25253 1.30707 -0.277178
10.6811 1.72805 0.0188841
10.2566 1.65937 -0.0181333
9.70345 1.56988 -0.0857818
9.89065 1.60016 -0.122413
9.53483 1.5426 -0.151733
8.97167 1.45149 -0.174504
9.38551 1.51844 -0.215758
8.98012 1.45285 -0.23821
8.80163 1.42398 -0.264622
7.66605 1.24026 -0.257616
10.2905 1.6999 -0.0182031
10.1718 1.68028 -0.0899705
10.0826 1.66555 -0.124857
9.32249 1.53999 -0.148435
9.12464 1.5073 -0.177576
9.34097 1.54304 -0.21485
9.0936 1.50218 -0.241352
8.60948 1.4222 -0.258986
8.32257 1.37481 -0.27983
9.68325 1.63085 -0.0856945
9.81108 1.65238 -0.121558
9.56411 1.61078 -0.152361
9.36634 1.57747 -0.182375
9.57269 1.61223 -0.220295
8.80297 1.48259 -0.23376
8.9401 1.50569 -0.269072
8.2985 1.39763 -0.279167
10.6241 1.82556 0.0564437
9.98355 1.71549 -0.0530412
9.44127 1.62231 -0.0836002
9.5986 1.64934 -0.118993
9.22367 1.58492 -0.147021
9.18369 1.57805 -0.17892
9.38008 1.61179 -0.215984
8.80785 1.51347 -0.234022
8.8267 1.5167 -0.265809
8.49082 1.45899 -0.285798
10.5 1.84009 -0.0186045
10.3521 1.81418 -0.0550309
10.0564 1.76235 -0.0890979
9.75066 1.70878 -0.120947
9.46458 1.65864 -0.150948
9.66096 1.69306 -0.188327
8.98079 1.57386 -0.206909
8.90125 1.55992 -0.23664
9.02837 1.5822 -0.272039
7.84605 1.375 -0.264247
10.543 1.8837 0.0186921
10.1985 1.82214 -0.018081
10.0409 1.79397 -0.0534077
10.2178 1.82559 -0.0905814
9.74494 1.7411 -0.120947
9.39997 1.67947 -0.150005
9.27145 1.65651 -0.18084
8.946 1.59836 -0.206229
9.15189 1.63514 -0.243446
8.86564 1.584 -0.267292
7.99886 1.42914 -0.269552
10.5075 1.91144 0.0186398
10.5961 1.92755 -0.0187965
10.0745 1.83267 -0.0536171
10.0743 1.83262 -0.0893597
9.70007 1.76455 -0.120459
9.80781 1.78415 -0.156602
9.5613 1.73931 -0.186599
9.22617 1.67834 -0.212808
8.93033 1.62453 -0.237687
9.10648 1.65657 -0.274709
8.09266 1.47215 -0.272868
10.157 1.88249 -0.0180286
9.66503 1.79131 -0.0857818
9.64501 1.7876 -0.119848
9.30044 1.72374 -0.148592
9.34903 1.73274 -0.182567
9.33852 1.73079 -0.215531
8.689 1.61041 -0.231404
8.49158 1.57382 -0.256316
8.32359 1.54269 -0.280825
10.2587 1.93654 0.0546634
10.6322 2.00705 0.0188841
10.3178 1.9477 -0.0183253
9.84537 1.85852 -0.122413
9.28485 1.75271 -0.148435
9.30394 1.75631 -0.181799
8.94959 1.68943 -0.206683
8.98812 1.6967 -0.239519
8.8792 1.67614 -0.268182
8.65234 1.63331 -0.292098
10.5862 2.03475 0.0188143
10.0559 1.93282 -0.0178715
9.83915 1.89116 -0.122413
9.27899 1.78349 -0.148435
9.43552 1.81358 -0.184487
9.3661 1.80024 -0.216438
8.93336 1.71706 -0.23821
8.67728 1.66784 -0.262249
8.36225 1.60729 -0.282483
10.3148 2.0162 -0.0183428
9.72521 1.90096 -0.12107
9.26353 1.81072 -0.148278
9.39052 1.83554 -0.183719
9.31134 1.82006 -0.215304
9.07509 1.77388 -0.242137
8.90743 1.74111 -0.269369
8.53372 1.66806 -0.288451
10.3571 2.06015 -0.01843
10.1412 2.01721 -0.0541408
9.60152 1.90986 -0.0854327
9.81693 1.95271 -0.122291
9.33592 1.85703 -0.149534
8.99214 1.78865 -0.17604
9.48175 1.88604 -0.219388
8.77502 1.74546 -0.234284
8.5977 1.71019 -0.260172
8.3615 1.66321 -0.282814
10.9675 2.21941 0.0585904
9.89933 2.00325 0.0176275
10.2522 2.07465 -0.0182555
9.8404 1.99132 -0.0525699
9.81076 1.98532 -0.0873526
9.62419 1.94757 -0.11997
9.24151 1.87013 -0.14812
9.44674 1.91166 -0.185063
9.0737 1.83617 -0.210086
8.93575 1.80826 -0.238734
8.79772 1.78032 -0.266402
8.53226 1.72661 -0.288782
10.1571 2.09049 -0.0180984
10.1766 2.0945 -0.0544026
9.8433 2.02591 -0.0877016
9.38262 1.9311 -0.117038
9.52907 1.96124 -0.152833
9.31304 1.91678 -0.182567
8.94026 1.84005 -0.207136
8.78283 1.80765 -0.234807
8.59596 1.76919 -0.260469
8.43839 1.73676 -0.285798
10.0133 2.09371 -0.0535648
9.40621 1.96677 -0.0838619
9.49396 1.98512 -0.118504
9.40541 1.96661 -0.150948
9.42441 1.97058 -0.184871
8.78765 1.83744 -0.203733
8.97281 1.87615 -0.240043
8.63928 1.80641 -0.261952
8.36441 1.74894 -0.283477
9.57605 2.03545 -0.0170862
9.81069 2.08533 -0.0525176
9.85935 2.09567 -0.0879634
9.7514 2.07273 -0.121803
9.13477 1.94166 -0.146707
9.10488 1.9353 -0.178728
8.97709 1.90814 -0.208271
8.87854 1.88719 -0.237687
8.97544 1.90779 -0.272335
8.41722 1.78914 -0.285467
9.84281 2.12629 -0.052727
9.73506 2.10302 -0.0869162
9.549 2.06282 -0.119359
9.60717 2.07539 -0.154403
9.18636 1.98448 -0.180456
8.97071 1.9379 -0.208271
8.87223 1.91662 -0.237687
8.96907 1.93754 -0.272335
8.41124 1.81704 -0.285467
9.83571 2.15892 -0.052727
9.72803 2.13529 -0.0869162
9.54211 2.09448 -0.119359
9.60024 2.10724 -0.154403
9.17973 2.01494 -0.180456
8.68105 1.90548 -0.201691
9.16851 2.01247 -0.245802
8.65017 1.8987 -0.262842
8.77613 1.92635 -0.298066
9.85792 2.19628 -0.088138
9.27196 2.06573 -0.116061
9.17391 2.04389 -0.147649
9.36853 2.08725 -0.184295
9.08486 2.02405 -0.21122
9.11336 2.0304 -0.244493
8.8588 1.97369 -0.269369
8.54566 1.90392 -0.29044
9.6265 2.17825 -0.0516798
9.61651 2.17599 -0.0860436
9.90874 2.24212 -0.124124
9.55718 2.16257 -0.153932
8.91299 2.0168 -0.175464
8.79532 1.99018 -0.204641
8.92132 2.01869 -0.239519
8.69622 1.96775 -0.264622
8.40283 1.90137 -0.285798
10.3113 2.36918 -0.0184649
9.59973 2.20569 -0.0515751
9.68721 2.22578 -0.0867417
9.23857 2.1227 -0.115816
9.04322 2.07782 -0.145764
9.23755 2.12247 -0.181991
9.09072 2.08873 -0.211674
8.72947 2.00573 -0.234546
8.77733 2.01673 -0.267292
8.69844 1.9986 -0.296076
10.0015 2.33294 0.0179242
9.98202 2.3284 -0.017889
9.90399 2.3102 -0.0532506
9.34867 2.18067 -0.0837747
9.67942 2.25781 -0.121436
9.22129 2.15095 -0.148749
9.37652 2.18716 -0.184871
9.23953 2.15521 -0.215304
8.95642 2.08917 -0.240828
8.5467 1.9936 -0.260469
8.06884 1.88213 -0.274857
10.7045 2.53241 0.0191983
10.1012 2.38968 -0.0181159
9.79937 2.31828 -0.052727
9.9451 2.35276 -0.0891851
9.73066 2.30202 -0.122169
9.701 2.29501 -0.156602
9.09717 2.15216 -0.179496
9.29108 2.19803 -0.216665
8.90117 2.10579 -0.239519
8.08322 1.91228 -0.246526
8.4811 2.00641 -0.289114
10.7349 2.57723 0.0192681
9.9765 2.39515 -0.0179064
9.86942 2.36944 -0.0531459
9.72333 2.33436 -0.0872653
9.6063 2.30627 -0.120703
9.16832 2.20112 -0.14812
9.12887 2.19165 -0.180264
9.27402 2.2265 -0.216438
8.75805 2.10262 -0.235854
8.04768 1.93208 -0.245636
8.29947 1.99253 -0.283146
9.7839 2.38325 -0.0175748
10.3279 2.51575 -0.0556592
9.37549 2.28376 -0.084211
9.38486 2.28605 -0.118015
9.30669 2.267 -0.150477
8.85927 2.15802 -0.17508
9.02375 2.19808 -0.210766
9.00356 2.19317 -0.24266
8.86672 2.15983 -0.270852
7.77816 1.89467 -0.265574
9.93115 2.45403 -0.0535648
9.48436 2.34363 -0.0852582
9.43547 2.33155 -0.118748
9.33795 2.30745 -0.151105
8.99766 2.22336 -0.17796
9.11347 2.25198 -0.213035
8.76332 2.16546 -0.236378
8.50047 2.1005 -0.259876
8.53835 2.10986 -0.291766
11.2812 2.82526 0.10149
9.85561 2.46824 -0.0177319
9.76819 2.44635 -0.052727
9.06955 2.27138 -0.0815931
9.27291 2.32231 -0.116794
9.22396 2.31005 -0.149377
8.87425 2.22247 -0.175656
8.98997 2.25145 -0.210313
8.49465 2.12741 -0.22931
8.62957 2.1612 -0.264029
8.05662 2.0177 -0.27552
10.5064 2.6683 0.018919
9.67291 2.45661 -0.0174178
9.92479 2.52058 -0.0536171
9.78886 2.48605 -0.088138
9.6722 2.45643 -0.121925
9.06119 2.30125 -0.146864
9.19631 2.33556 -0.182183
8.66269 2.20004 -0.202826
8.91387 2.26383 -0.240828
8.79674 2.23409 -0.269369
7.97238 2.02473 -0.272868
9.93586 2.55849 -0.0179064
9.3547 2.40884 -0.0505802
9.39321 2.41876 -0.0846473
9.20889 2.37129 -0.116183
9.01478 2.32131 -0.146236
8.96582 2.3087 -0.177768
8.49076 2.18638 -0.198969
8.27706 2.13135 -0.223813
8.47953 2.18348 -0.259876
8.25599 2.12592 -0.282814
9.92733 2.59143 -0.0179064
9.34667 2.43985 -0.0505802
9.38514 2.44989 -0.0846473
9.20097 2.40182 -0.116183
9.00703 2.35119 -0.146236
8.95811 2.33842 -0.177768
8.48347 2.21452 -0.198969
8.26995 2.15879 -0.223813
8.47224 2.21159 -0.259876
8.24889 2.15329 -0.282814
10.7311 2.83728 0.0581192
10.1512 2.68395 0.0183256
9.4743 2.50499 -0.0513133
9.0487 2.39246 -0.0816803
9.29972 2.45883 -0.117527
9.0576 2.39481 -0.147178
8.68974 2.29755 -0.172585
8.81475 2.3306 -0.206909
8.6497 2.28697 -0.234284
8.67785 2.29441 -0.266402
7.97154 2.10766 -0.273531
10.1421 2.71756 0.0549776
10.1712 2.72536 0.018378
9.45628 2.5338 -0.0512609
9.40776 2.5208 -0.0849964
9.23356 2.47413 -0.116794
9.41662 2.52317 -0.153147
9.16495 2.45574 -0.182183
8.95183 2.39864 -0.210313
8.48758 2.27424 -0.230096
8.15848 2.18606 -0.250679
7.96451 2.13408 -0.273531
10.8085 2.93459 0.0586428
10.2682 2.7879 0.01857
10.0173 2.71977 -0.0181159
9.19692 2.49702 -0.0498995
9.27389 2.51792 -0.0838619
9.35076 2.53879 -0.118382
9.21521 2.50199 -0.150005
9.28219 2.52017 -0.184679
8.73157 2.37068 -0.205321
8.76941 2.38095 -0.237949
8.58527 2.33096 -0.264029
7.7259 2.09763 -0.265574
10.712 2.94655 0.0581715
10.5193 2.89354 0.0190412
9.9022 2.7238 -0.0179239
9.85387 2.71051 -0.0535124
9.198 2.5301 -0.0832511
9.51583 2.61752 -0.120581
9.43824 2.59618 -0.153775
9.4955 2.61193 -0.189094
8.26096 2.27235 -0.194431
8.63616 2.37555 -0.234546
8.75097 2.40713 -0.269369
7.85381 2.16035 -0.270215
10.5774 2.94532 0.0574909
10.4909 2.92121 0.0190063
10.1441 2.82464 -0.0183777
9.47924 2.63952 -0.0515227
9.52717 2.65287 -0.0863054
9.96993 2.77615 -0.126445
9.1507 2.54804 -0.14922
8.63002 2.40305 -0.172009
8.9087 2.48065 -0.209859
8.32049 2.31686 -0.226169
7.99229 2.22547 -0.246229
7.80847 2.17429 -0.268889
10.7601 3.03466 0.0585381
10.2886 2.90169 0.0186572
10.0769 2.84198 -0.0182729
9.84578 2.7768 -0.0535648
9.82629 2.7713 -0.0890979
9.46985 2.67077 -0.120214
8.91124 2.51323 -0.14545
8.97805 2.53207 -0.179112
8.38083 2.36364 -0.197608
8.59178 2.42313 -0.23376
7.94638 2.24111 -0.245043
8.25333 2.32768 -0.284472
10.6538 3.04286 0.0580145
10.0001 2.85615 -0.0181508
10.0577 2.8726 -0.0547691
9.61513 2.7462 -0.0872653
9.34557 2.66921 -0.118748
9.2009 2.62789 -0.15032
8.96961 2.56183 -0.179112
8.75746 2.50124 -0.206683
8.51641 2.43239 -0.231928
8.66936 2.47608 -0.267589
8.61075 2.45934 -0.297071
10.0482 2.90597 -0.0182555
9.99045 2.88926 -0.0544549
9.62519 2.78363 -0.0874398
9.24061 2.67241 -0.117527
9.45147 2.73339 -0.154561
8.93225 2.58323 -0.178536
9.05645 2.61915 -0.213943
8.74837 2.53005 -0.238472
8.181 2.36597 -0.252756
7.82486 2.26297 -0.270215
10.039 2.93752 -0.0182555
9.98133 2.92064 -0.0544549
9.61639 2.81385 -0.0874398
9.23217 2.70142 -0.117527
9.44284 2.76307 -0.154561
8.92409 2.61128 -0.178536
9.04817 2.64759 -0.213943
8.74038 2.55752 -0.238472
8.17352 2.39165 -0.252756
7.81771 2.28754 -0.270215
9.93336 2.94239 -0.018081
9.69353 2.87136 -0.0529365
9.52072 2.82017 -0.0866544
9.54913 2.82858 -0.12168
8.99262 2.66374 -0.147335
8.99207 2.66357 -0.180072
8.67509 2.56968 -0.205321
8.43472 2.49848 -0.230357
8.33806 2.46985 -0.258096
7.63759 2.26236 -0.264247
17.2227 5.16377 0.596461
17.5979 5.27629 0.545265
10.6036 3.17923 0.0193205
9.84692 2.95234 -0.0179413
9.54028 2.86041 -0.0521511
9.29101 2.78567 -0.0846473
9.0608 2.71665 -0.115572
9.01247 2.70216 -0.147806
8.99277 2.69625 -0.180264
8.76228 2.62714 -0.20759
8.76153 2.62692 -0.239519
8.27238 2.48026 -0.256316
8.25232 2.47425 -0.285798
10.0572 3.05177 -0.0183428
9.79868 2.97333 -0.0536171
9.5018 2.88325 -0.0866544
9.34836 2.83669 -0.119359
9.08 2.75525 -0.149063
8.8307 2.6796 -0.177192
8.48565 2.5749 -0.201238
8.97279 2.72272 -0.24554
8.47453 2.57153 -0.262842
8.33015 2.52772 -0.288782
10.124 3.10682 -0.0184824
10.057 3.08624 -0.0550832
9.74125 2.98936 -0.0889233
9.25337 2.83964 -0.11826
8.85145 2.7163 -0.14545
8.86047 2.71907 -0.17796
8.62088 2.64554 -0.204641
8.84951 2.7157 -0.242399
8.46641 2.59814 -0.262842
8.63747 2.65063 -0.299723
10.4382 3.24116 0.0572291
9.76984 3.03362 -0.0178541
9.42592 2.92683 -0.0516798
9.49254 2.94751 -0.0867417
9.51129 2.95333 -0.12168
9.26255 2.8761 -0.152361
8.96598 2.78401 -0.180264
8.89849 2.76306 -0.211447
8.81181 2.73614 -0.241613
8.095 2.51357 -0.251569
8.09412 2.51329 -0.281156
10.418 3.27279 0.0190587
9.75972 3.066 -0.0178541
9.65466 3.03299 -0.0529888
9.23467 2.90105 -0.0844728
9.10078 2.85899 -0.116549
9.08126 2.85286 -0.149534
8.5847 2.69686 -0.172777
8.77483 2.75659 -0.208724
8.35445 2.62453 -0.22931
8.57297 2.69318 -0.266699
8.43854 2.65095 -0.293424
10.1307 3.21949 -0.0185522
9.45395 3.00442 -0.0519416
9.02487 2.86806 -0.0826402
8.99595 2.85887 -0.115328
8.65246 2.74971 -0.142623
8.62335 2.74046 -0.173736
8.44169 2.68273 -0.201011
8.91732 2.83388 -0.245016
8.04005 2.55509 -0.250382
7.64864 2.4307 -0.266237
10.1206 3.2513 -0.0185522
9.44446 3.0341 -0.0519416
9.01582 2.8964 -0.0826402
8.98693 2.88712 -0.115328
8.64378 2.77688 -0.142623
8.6147 2.76754 -0.173736
8.43322 2.70924 -0.201011
8.90838 2.86188 -0.245016
8.03198 2.58033 -0.250382
7.64097 2.45472 -0.266237
10.0527 3.2663 -0.0184475
9.61505 3.12412 -0.0529365
9.42461 3.06224 -0.0864799
9.01534 2.92926 -0.115816
9.08147 2.95075 -0.150005
9.39471 3.05253 -0.18967
8.87107 2.88239 -0.211674
8.59461 2.79256 -0.23664
8.32759 2.7058 -0.259876
7.63279 2.48004 -0.266237
9.89914 3.25276 -0.0545596
9.6424 3.1684 -0.0885743
9.63255 3.16516 -0.123879
8.86265 2.91218 -0.14655
8.89061 2.92136 -0.179688
8.55754 2.81192 -0.204414
8.16743 2.68373 -0.225122
8.41353 2.7646 -0.262842
7.89988 2.59582 -0.275852
9.53718 3.1689 -0.0526223
9.29971 3.09 -0.08552
9.39426 3.12141 -0.120947
9.19454 3.05505 -0.152204
8.68162 2.88463 -0.175656
8.70945 2.89387 -0.208271
8.37668 2.7833 -0.231143
8.66043 2.87758 -0.270852
7.94813 2.64091 -0.277841
9.62197 3.23068 -0.0531459
8.98661 3.01735 -0.0827275
9.5266 3.19865 -0.12278
8.75836 2.94071 -0.145136
8.89999 2.98826 -0.180264
8.833 2.96577 -0.211447
8.10254 2.72051 -0.223813
8.49973 2.85387 -0.266106
8.25246 2.77085 -0.288782
9.66779 3.28177 -0.0890979
9.28869 3.15309 -0.119848
8.72015 2.96009 -0.144665
8.67228 2.94384 -0.175848
8.57698 2.91149 -0.205548
8.03668 2.72809 -0.222242
8.46183 2.8724 -0.265216
7.8552 2.66648 -0.275189
9.66655 3.31714 -0.0535124
9.40148 3.22618 -0.0867417
9.0512 3.10598 -0.116916
9.1075 3.1253 -0.151262
9.03129 3.09915 -0.183335
8.83205 3.03078 -0.211901
8.51927 2.92344 -0.235854
8.19699 2.81285 -0.257206
7.47763 2.566 -0.262258
9.65549 3.34918 -0.0535124
9.39073 3.25734 -0.0867417
9.04084 3.13598 -0.116916
9.09708 3.15548 -0.151262
9.02096 3.12908 -0.183335
8.82195 3.06005 -0.211901
8.50953 2.95168 -0.235854
8.18762 2.84002 -0.257206
7.46908 2.59078 -0.262258
9.83367 3.44563 -0.0545596
9.31439 3.26368 -0.0861309
9.50278 3.32969 -0.123024
9.03994 3.16752 -0.150477
9.02996 3.16402 -0.183719
8.48207 2.97204 -0.20396
8.22662 2.88253 -0.228263
8.31072 2.912 -0.261359
8.13059 2.84889 -0.285798
9.67137 3.42481 -0.0537219
9.73711 3.44809 -0.0901451
9.21835 3.26439 -0.119481
9.28387 3.28759 -0.154718
8.64243 3.06044 -0.17604
8.72661 3.09026 -0.210086
8.54683 3.02659 -0.237425
8.06546 2.85613 -0.253942
8.08342 2.86249 -0.284472
9.82014 3.51418 -0.0182031
9.46201 3.38603 -0.0877016
9.27337 3.31852 -0.120337
8.88694 3.18024 -0.148278
9.11232 3.26089 -0.185831
8.57512 3.06865 -0.206683
8.76264 3.13575 -0.243708
8.39475 3.0041 -0.264622
8.48793 3.03745 -0.29906
9.81783 3.55013 -0.0182206
9.43215 3.41067 -0.0525176
9.57298 3.46159 -0.0888361
9.46919 3.42406 -0.123024
8.69769 3.14509 -0.145293
9.00744 3.25709 -0.183911
8.64011 3.12427 -0.208498
8.47956 3.06621 -0.236116
8.05574 2.91296 -0.254239
7.52852 2.72231 -0.265574
9.7127 3.54666 -0.0180461
9.78773 3.57405 -0.0545596
9.04544 3.303 -0.0840365
9.12964 3.33375 -0.118748
8.86622 3.23756 -0.148278
8.75298 3.19621 -0.17892
8.80869 3.21655 -0.212808
8.57318 3.13055 -0.238996
8.27189 3.02054 -0.261359
8.07383 2.94821 -0.285135
9.70088 3.57884 -0.0180461
9.77582 3.60649 -0.0545596
9.03444 3.33298 -0.0840365
9.11854 3.36401 -0.118748
8.85543 3.26694 -0.148278
8.74233 3.22522 -0.17892
8.79797 3.24574 -0.212808
8.56275 3.15897 -0.238996
8.26183 3.04795 -0.261359
8.06401 2.97497 -0.285135
9.60463 3.57956 -0.017889
9.53892 3.55508 -0.053303
9.42625 3.51308 -0.0877889
8.88246 3.31042 -0.115816
9.27554 3.45691 -0.155503
8.7878 3.27514 -0.180072
8.42181 3.13874 -0.20396
8.30868 3.09658 -0.23219
7.97069 2.97061 -0.252459
8.16648 3.04358 -0.289114
9.82667 3.69948 -0.0183253
9.79848 3.68886 -0.0548214
9.51749 3.58308 -0.0887488
9.08667 3.42089 -0.118626
9.06751 3.41367 -0.152204
8.65525 3.25847 -0.177576
8.58912 3.23357 -0.208271
8.21417 3.09241 -0.229834
8.12918 3.06042 -0.257799
7.98798 3.00726 -0.283146
9.5625 3.63436 -0.0535648
9.18838 3.49217 -0.0857818
9.54323 3.62704 -0.124735
8.77635 3.33558 -0.147492
8.86927 3.37089 -0.182183
8.50416 3.23213 -0.206456
8.55016 3.24961 -0.239519
8.12886 3.08949 -0.258096
8.12797 3.08915 -0.288451
14.8522 5.70121 0.194371
9.59719 3.68402 -0.0179413
9.71844 3.73056 -0.0545073
9.8769 3.79139 -0.0923267
9.4938 3.64433 -0.124246
8.69056 3.33599 -0.146236
8.63403 3.31429 -0.177576
8.5774 3.29255 -0.208498
8.72599 3.34959 -0.244755
8.29588 3.18449 -0.263732
8.29497 3.18414 -0.29475
14.8332 5.75043 0.194371
9.16524 3.55312 -0.0514704
9.32351 3.61448 -0.0872653
9.36047 3.62881 -0.122658
9.28543 3.59972 -0.156445
8.62299 3.34291 -0.177576
8.56643 3.32098 -0.208498
8.71483 3.37851 -0.244755
8.28527 3.21198 -0.263732
8.28436 3.21163 -0.29475
9.1534 3.58349 -0.0514704
9.31148 3.64538 -0.0872653
9.34838 3.65983 -0.122658
9.27344 3.63049 -0.156445
8.60255 3.36784 -0.177384
8.25747 3.23274 -0.201238
8.59188 3.36366 -0.241613
8.19081 3.20664 -0.261062
8.18991 3.20629 -0.291766
9.77452 3.86211 -0.0550309
9.24418 3.65257 -0.0867417
8.99275 3.55322 -0.118137
9.02021 3.56407 -0.152361
8.67561 3.42791 -0.179112
8.76796 3.4644 -0.213943
8.45111 3.33921 -0.237949
7.57644 2.99361 -0.241779
7.5756 2.99328 -0.270215
9.30632 3.71284 -0.0874398
9.15738 3.65342 -0.120459
9.12907 3.64213 -0.154403
8.49704 3.38998 -0.175656
8.50571 3.39343 -0.207817
7.92932 3.16348 -0.223551
8.38346 3.34466 -0.267885
8.38254 3.34429 -0.299392
9.65593 3.88949 -0.0545073
9.17337 3.69511 -0.0863054
9.28434 3.73981 -0.122291
9.13549 3.67985 -0.154718
8.62486 3.47417 -0.178536
8.57787 3.45524 -0.209859
8.34532 3.36157 -0.235593
8.32596 3.35377 -0.266402
8.32505 3.3534 -0.297734
9.26296 3.76695 -0.0872653
9.05885 3.68394 -0.119481
9.03062 3.67246 -0.153147
8.76148 3.56301 -0.181607
8.82567 3.58912 -0.216211
8.33413 3.38922 -0.235593
8.3148 3.38136 -0.266402
8.31388 3.38099 -0.297734
9.25108 3.79603 -0.0872653
9.04723 3.71238 -0.119481
9.01904 3.70082 -0.153147
8.75024 3.59052 -0.181607
8.81435 3.61683 -0.216211
8.36968 3.43436 -0.236902
8.36886 3.43403 -0.268479
8.25699 3.38812 -0.296076
9.00748 3.73102 -0.0850837
9.05334 3.75002 -0.119726
8.979 3.71922 -0.152676
8.61821 3.56978 -0.179112
8.69147 3.60012 -0.213489
8.56143 3.54626 -0.24266
8.56059 3.54591 -0.275005
8.36575 3.46521 -0.300387
9.24415 3.86502 -0.0874398
9.13311 3.81859 -0.120947
8.736 3.65255 -0.148749
8.67089 3.62533 -0.180456
8.22752 3.43996 -0.202372
8.3006 3.47052 -0.235593
8.29979 3.47018 -0.266995
8.0868 3.38112 -0.290772
9.01018 3.80234 -0.0853455
9.15725 3.86441 -0.121436
9.33183 3.93808 -0.159116
9.08255 3.83289 -0.189286
8.46476 3.57217 -0.208498
8.39036 3.54078 -0.238472
8.38954 3.54043 -0.270259
8.0295 3.38849 -0.289114
8.99819 3.83063 -0.0853455
9.14506 3.89316 -0.121436
9.31941 3.96738 -0.159116
9.07047 3.8614 -0.189286
8.4535 3.59875 -0.208498
8.37919 3.56712 -0.238472
8.37838 3.56677 -0.270259
8.01882 3.4137 -0.289114
9.02186 3.8761 -0.11997
8.85606 3.80486 -0.151419
8.68098 3.72964 -0.181415
8.59767 3.69385 -0.212354
8.51428 3.65802 -0.24266
8.51345 3.65767 -0.275005
8.27376 3.55469 -0.298729
8.86174 3.84216 -0.151733
8.61352 3.73455 -0.180264
8.69545 3.77006 -0.215077
8.58464 3.72202 -0.245016
8.58381 3.72166 -0.277675
7.97766 3.45886 -0.288451
8.83063 3.86351 -0.151419
8.74765 3.82721 -0.183335
8.38064 3.66664 -0.20759
8.19676 3.58619 -0.234284
8.19596 3.58584 -0.265512
8.38735 3.66957 -0.303702
9.23009 4.07288 -0.158487
8.39714 3.70533 -0.176232
8.26847 3.64855 -0.205094
8.24947 3.64017 -0.236116
8.24867 3.63982 -0.267589
8.21119 3.62328 -0.297734
9.21654 4.10347 -0.158487
8.3848 3.73315 -0.176232
8.25632 3.67595 -0.205094
8.23736 3.66751 -0.236116
8.23655 3.66715 -0.267589
8.19913 3.65049 -0.297734
8.92013 4.007 -0.153618
8.80103 3.95349 -0.185255
8.67271 3.89585 -0.215758
8.20691 3.68661 -0.235593
8.20611 3.68625 -0.266995
8.11404 3.64489 -0.295082
8.89769 4.03243 -0.153461
8.37807 3.79694 -0.176616
8.40478 3.80904 -0.209405
8.40406 3.80871 -0.241613
8.43055 3.82072 -0.274709
8.26577 3.74604 -0.30105
9.37606 4.28478 -0.161943
8.62982 3.94375 -0.182183
8.43823 3.8562 -0.210539
8.43751 3.85587 -0.242922
8.14577 3.72255 -0.265809
8.10852 3.70552 -0.295745
9.3618 4.31585 -0.161943
8.61669 3.97235 -0.182183
8.4254 3.88416 -0.210539
8.42468 3.88383 -0.242922
8.13338 3.74954 -0.265809
8.09618 3.73239 -0.295745
8.47655 3.94188 -0.179496
8.46686 3.93737 -0.211901
8.46614 3.93704 -0.244493
8.16622 3.79756 -0.267292
8.2922 3.85615 -0.303371
8.46281 3.96968 -0.212128
8.46209 3.96934 -0.244755
8.50651 3.99017 -0.278862
7.86314 3.68838 -0.288119
8.23339 3.89367 -0.206683
8.23269 3.89333 -0.238472
8.35839 3.95278 -0.274412
7.80633 3.6917 -0.286461
8.22044 3.92095 -0.206683
8.21973 3.92061 -0.238472
8.34524 3.98048 -0.274412
7.79405 3.71757 -0.286461
11.8757 5.71285 -0.207023
8.65785 4.16488 -0.218026
8.65711 4.16452 -0.251561
8.11581 3.90413 -0.267292
7.82671 3.76506 -0.288119
11.84 5.7441 -0.0689064
12.2356 5.93601 -0.118681
11.9832 5.81358 -0.162729
12.0546 5.84821 -0.210479
8.85987 4.2983 -0.223471
8.85911 4.29793 -0.257843
8.20175 3.97902 -0.270555
8.05697 3.90878 -0.297071
11.8219 5.78127 -0.0689064
12.2169 5.97442 -0.118681
11.9649 5.8512 -0.162729
12.0362 5.88606 -0.210479
8.84632 4.32611 -0.223471
8.84556 4.32574 -0.257843
8.1892 4.00476 -0.270555
8.04465 3.93407 -0.297071
12.0717 5.95312 -0.0704772
12.1522 5.99278 -0.118244
12.071 5.95276 -0.16444
11.8104 5.82422 -0.206866
8.2207 4.054 -0.272039
8.27358 4.08008 -0.306023
12.0251 5.97976 -0.0703201
12.0158 5.97517 -0.11711
12.1676 6.05064 -0.166028
11.9879 5.9613 -0.210322
8.19827 4.07679 -0.271742
8.03628 3.99624 -0.297734
12.0138 6.02394 -0.117285
12.1475 6.09095 -0.166028
11.7357 5.8845 -0.206238
7.94258 3.98255 -0.29475
11.9948 6.06166 -0.117285
12.1283 6.12909 -0.166028
11.7172 5.92134 -0.206238
7.93003 4.00748 -0.29475
12.4985 6.36831 0.26934
11.672 5.94719 -0.0685922
11.9034 6.06508 -0.116586
11.6357 5.92867 -0.159553
11.7598 5.99194 -0.207337
7.97903 4.06552 -0.297071
12.175 6.25439 0.262813
11.7676 6.04512 -0.115452
7.79659 4.00518 -0.290772
12.1541 6.29473 0.262813
11.7475 6.08411 -0.115452
7.78327 4.03102 -0.290772
12.2769 6.40729 0.217547
8.45282 4.41151 -0.316301
12.0697 6.3502 0.214249
12.0139 6.37176 0.16615
12.0143 6.37199 0.118681
11.9927 6.41156 0.16615
11.9931 6.4118 0.118681
12.0071 6.46786 0.214249
11.9285 6.4255 0.165539
11.9289 6.42573 0.118245
11.744 6.32615 -0.116412
10.7136 5.77109 -0.14868
11.0564 5.95574 -0.197285
11.8104 6.41254 0.164196
11.8109 6.41277 0.117285
11.3802 6.17897 -0.113009
11.5204 6.25508 -0.160164
11.2914 6.13073 -0.20184
11.7891 6.45166 0.164196
11.7895 6.4519 0.117285
11.3597 6.21667 -0.113009
11.4996 6.29325 -0.160164
11.271 6.16814 -0.20184
11.6801 6.44243 0.162974
11.6805 6.44266 0.116412
11.1985 6.17681 -0.156254
10.8828 6.00266 -0.195243
11.7035 6.50338 0.163585
11.7039 6.50361 0.116849
11.3364 6.29939 -0.158453
11.1086 6.17281 -0.199641
10.6709 5.92961 -0.2344
10.6702 5.92918 -0.277014
11.6818 6.54215 0.163585
11.6823 6.54239 0.116849
11.3154 6.33695 -0.158453
11.0881 6.20961 -0.199641
10.6512 5.96497 -0.2344
10.6504 5.96453 -0.277014
11.5904 6.54153 0.162607
11.4863 6.48279 0.115103
11.4866 6.48295 0.0690623
10.5019 5.92719 -0.147336
10.8323 6.11365 -0.1954
10.6297 5.9993 -0.319621
11.7512 6.68375 0.165173
11.6126 6.60489 0.116587
11.6128 6.60505 0.0699525
11.3696 6.4667 0.0228285
11.0298 6.27343 -0.155033
10.8902 6.19403 -0.196813
10.6896 6.07996 -0.236128
10.6889 6.07952 -0.279056
10.5228 5.9851 -0.317003
11.7301 6.72063 0.165173
11.5917 6.64134 0.116587
11.592 6.6415 0.0699525
11.3492 6.50239 0.0228285
11.01 6.30805 -0.155033
10.8707 6.22821 -0.196813
10.6705 6.11352 -0.236128
10.6697 6.11307 -0.279056
10.504 6.01813 -0.317003
