x y z
8.14003 -4.69965 -0.114839
7.97511 -4.60443 -0.144665
7.59364 -4.38419 -0.168361
7.59309 -4.38387 -0.198969
7.67901 -4.43348 -0.23219
7.65229 -4.41805 -0.262249
7.73801 -4.46754 -0.296408
8.01705 -4.59326 -0.0806331
8.57203 -4.91123 -0.120703
8.31134 -4.76187 -0.150477
7.74694 -4.43851 -0.171433
7.74638 -4.43819 -0.202599
8.13604 -4.66144 -0.24554
7.75363 -4.44234 -0.265216
7.88286 -4.51639 -0.301381
8.59727 -4.8879 -0.0863054
8.27493 -4.70464 -0.149534
8.16143 -4.64011 -0.180264
8.16084 -4.63977 -0.213035
7.71694 -4.38739 -0.232451
7.64667 -4.34745 -0.261062
7.68059 -4.36673 -0.293092
8.61259 -4.86087 -0.0863054
8.28967 -4.67862 -0.149534
8.17597 -4.61445 -0.180264
8.17537 -4.61411 -0.213035
7.73068 -4.36313 -0.232451
7.66029 -4.3234 -0.261062
7.69427 -4.34258 -0.293092
8.71611 -4.88126 -0.0523081
8.72463 -4.88603 -0.0872653
8.34003 -4.67064 -0.150162
8.08655 -4.52868 -0.17796
8.08596 -4.52835 -0.210313
7.8585 -4.40097 -0.235854
7.70947 -4.31751 -0.262249
7.91791 -4.43424 -0.30105
8.73236 -4.85239 -0.0174352
9.09064 -5.05147 -0.0544549
8.42611 -4.68221 -0.0841238
8.36421 -4.64782 -0.15032
8.17144 -4.54069 -0.179496
8.17084 -4.54036 -0.212128
7.68955 -4.27292 -0.230357
7.8548 -4.36475 -0.266699
7.67048 -4.26232 -0.291103
8.7484 -4.8234 -0.0174352
9.10734 -5.0213 -0.0544549
8.4416 -4.65425 -0.0841238
8.37958 -4.62005 -0.15032
8.18645 -4.51357 -0.179496
8.18585 -4.51324 -0.212128
7.70367 -4.24739 -0.230357
7.86923 -4.33868 -0.266699
7.68457 -4.23686 -0.291103
9.26353 -5.06954 0.0184304
9.10563 -4.98312 -0.0181159
9.02657 -4.93986 -0.0538789
8.52635 -4.66611 -0.0848219
8.58744 -4.69954 -0.119603
7.99935 -4.3777 -0.143251
8.0164 -4.38704 -0.175464
8.01582 -4.38671 -0.207363
8.19052 -4.48232 -0.244493
7.81268 -4.27554 -0.264326
7.80305 -4.27028 -0.295082
9.13968 -4.96244 0.0181511
9.04301 -4.90996 -0.0179588
9.06048 -4.91944 -0.0539837
8.49784 -4.61395 -0.0843855
8.31299 -4.51359 -0.115572
8.10169 -4.39886 -0.144822
8.06605 -4.37951 -0.176232
8.06546 -4.37919 -0.208271
7.76608 -4.21664 -0.231404
7.77411 -4.221 -0.262546
7.73812 -4.20146 -0.292098
9.15609 -4.93211 0.0181511
9.05925 -4.87994 -0.0179588
9.07674 -4.88937 -0.0539837
8.51309 -4.58574 -0.0843855
8.32791 -4.48599 -0.115572
8.11624 -4.37197 -0.144822
8.08053 -4.35274 -0.176232
8.07994 -4.35242 -0.208271
7.78002 -4.19086 -0.231404
7.78806 -4.19519 -0.262546
7.75201 -4.17577 -0.292098
8.97836 -4.79803 0.0177671
9.26941 -4.95356 -0.0183428
9.12819 -4.87809 -0.0541931
8.88984 -4.75072 -0.0879634
8.5103 -4.5479 -0.117893
8.13951 -4.34974 -0.144979
8.10374 -4.33063 -0.176424
8.10315 -4.33031 -0.208498
8.07601 -4.31581 -0.239781
7.97825 -4.26357 -0.268479
7.757 -4.14533 -0.291766
9.62935 -5.10709 0.057072
9.31143 -4.93847 0.0183954
8.88738 -4.71357 -0.0175574
8.8696 -4.70414 -0.0525699
8.60437 -4.56347 -0.0849964
8.46271 -4.48834 -0.117038
8.39163 -4.45064 -0.14922
8.30279 -4.40353 -0.180456
8.30219 -4.4032 -0.213262
8.24849 -4.37473 -0.244493
7.8768 -4.1776 -0.264622
7.61105 -4.03665 -0.285798
9.64623 -5.07513 0.057072
9.32776 -4.90757 0.0183954
8.90296 -4.68408 -0.0175574
8.88515 -4.67471 -0.0525699
8.61945 -4.53491 -0.0849964
8.47755 -4.46025 -0.117038
8.40635 -4.42279 -0.14922
8.31735 -4.37597 -0.180456
8.31674 -4.37565 -0.213262
8.26295 -4.34735 -0.244493
7.89061 -4.15145 -0.264622
7.6244 -4.01139 -0.285798
9.32613 -4.8673 0.0550823
9.24646 -4.82572 0.0182035
8.88299 -4.63602 -0.0174876
8.99812 -4.69611 -0.0531459
8.64331 -4.51093 -0.0850837
8.50116 -4.43674 -0.11716
8.29687 -4.33012 -0.147021
8.24318 -4.30211 -0.178536
8.24258 -4.30179 -0.210993
8.05577 -4.2043 -0.237949
7.87775 -4.11139 -0.263732
7.73512 -4.03695 -0.289445
8.95159 -4.63412 -0.0175923
8.77388 -4.54212 -0.0517322
8.41845 -4.35812 -0.0827275
8.64014 -4.47289 -0.11887
8.76403 -4.53702 -0.155032
8.44386 -4.37127 -0.182567
8.44324 -4.37095 -0.215758
8.12293 -4.20513 -0.239519
8.06 -4.17256 -0.269369
7.89048 -4.0848 -0.29475
8.96611 -4.60598 -0.0175923
8.7881 -4.51453 -0.0517322
8.4321 -4.33165 -0.0827275
8.65415 -4.44572 -0.11887
8.77824 -4.50947 -0.155032
8.45755 -4.34472 -0.182567
8.45693 -4.34441 -0.215758
8.1361 -4.17959 -0.239519
8.07307 -4.14721 -0.269369
7.90327 -4.05999 -0.29475
9.66729 -4.92573 0.0568102
9.14171 -4.65794 -0.0179064
8.99013 -4.5807 -0.0528317
8.82954 -4.49887 -0.0864799
8.60648 -4.38522 -0.118015
8.48134 -4.32146 -0.149534
8.2492 -4.20318 -0.177768
8.2486 -4.20287 -0.210086
8.09647 -4.12536 -0.237949
8.05115 -4.10227 -0.268182
7.64954 -3.89763 -0.284804
9.61217 -4.85756 0.0563913
9.44271 -4.77193 0.0184653
8.90721 -4.50131 -0.0174178
8.73752 -4.41556 -0.0512609
8.85333 -4.47408 -0.0865672
8.5942 -4.34313 -0.117649
8.54024 -4.31586 -0.15032
8.3791 -4.23442 -0.180264
8.12865 -4.10786 -0.206683
8.12795 -4.10751 -0.238472
7.83276 -3.95833 -0.260469
7.91219 -3.99847 -0.294087
9.62823 -4.82566 0.0563913
9.45848 -4.74059 0.0184653
8.92208 -4.47174 -0.0174178
8.75212 -4.38656 -0.0512609
8.86812 -4.4447 -0.0865672
8.60856 -4.3146 -0.117649
8.5545 -4.28751 -0.15032
8.39309 -4.20661 -0.180264
8.14222 -4.08088 -0.206683
8.14153 -4.08053 -0.238472
8.06925 -4.0443 -0.267885
8.13091 -4.07521 -0.301713
9.31216 -4.6307 0.0181511
8.86446 -4.40807 -0.0172781
8.8554 -4.40357 -0.0517845
8.80146 -4.37674 -0.0857818
8.55044 -4.25192 -0.116671
8.42469 -4.18938 -0.147806
8.37941 -4.16687 -0.179688
8.23557 -4.09534 -0.208724
8.23487 -4.09499 -0.240828
8.08191 -4.01893 -0.267885
8.14367 -4.04964 -0.301713
9.8834 -4.87395 0.0577003
8.80728 -4.34327 0.0171388
9.0584 -4.46711 -0.0176272
8.71748 -4.29899 -0.0508944
8.78902 -4.33426 -0.08552
8.69902 -4.28988 -0.118504
8.23228 -4.05971 -0.144194
8.41112 -4.1479 -0.180072
8.02495 -3.95747 -0.203053
8.02426 -3.95713 -0.234284
8.2207 -4.054 -0.272039
8.04949 -3.96957 -0.297734
8.76773 -4.28768 -0.0170338
8.72271 -4.26566 -0.050842
8.85724 -4.33145 -0.0860436
8.59642 -4.2039 -0.116916
8.54211 -4.17734 -0.149377
8.27214 -4.04532 -0.176808
8.20866 -4.01428 -0.207363
8.20796 -4.01394 -0.239257
8.27002 -4.04428 -0.273225
7.91895 -3.8726 -0.292429
8.7819 -4.25858 -0.0170338
8.7368 -4.23671 -0.050842
8.87156 -4.30206 -0.0860436
8.61031 -4.17537 -0.116916
8.55591 -4.14899 -0.149377
8.28551 -4.01787 -0.176808
8.22193 -3.98704 -0.207363
8.22123 -3.9867 -0.239257
8.28339 -4.01684 -0.273225
7.93175 -3.84632 -0.292429
9.42604 -4.53442 -0.0182555
8.98437 -4.32195 -0.0522034
8.867 -4.2655 -0.0858691
8.47921 -4.07895 -0.114961
8.43375 -4.05708 -0.147021
8.52333 -4.10017 -0.181607
8.27946 -3.98286 -0.208498
8.27876 -3.98252 -0.240566
8.08879 -3.89113 -0.266402
7.82671 -3.76506 -0.288119
9.07097 -4.32663 -0.0175399
8.95352 -4.27061 -0.0519416
8.8089 -4.20163 -0.0851709
8.50172 -4.05511 -0.115083
8.51033 -4.05922 -0.14812
8.43762 -4.02454 -0.179496
8.04899 -3.83917 -0.202372
8.0483 -3.83884 -0.233499
8.20991 -3.91593 -0.269962
8.02859 -3.82944 -0.295082
8.71452 -4.12119 -0.0504755
8.73238 -4.12964 -0.0842983
8.59647 -4.06537 -0.116183
8.43335 -3.98823 -0.14655
8.37861 -3.96234 -0.17796
8.26954 -3.91076 -0.20759
8.26884 -3.91043 -0.239519
8.17767 -3.86731 -0.268479
8.08642 -3.82416 -0.296739
8.72814 -4.09227 -0.0504755
8.74603 -4.10066 -0.0842983
8.60991 -4.03684 -0.116183
8.44653 -3.96024 -0.14655
8.3917 -3.93453 -0.17796
8.28247 -3.88332 -0.20759
8.28176 -3.88299 -0.239519
8.19045 -3.84017 -0.268479
8.09906 -3.79732 -0.296739
8.9223 -4.14917 -0.0515227
8.91301 -4.14485 -0.0857818
8.64068 -4.01821 -0.116427
8.4952 -3.95055 -0.147178
8.45842 -3.93345 -0.179112
8.29463 -3.85728 -0.20759
8.29392 -3.85695 -0.239519
8.0484 -3.74277 -0.263436
7.97501 -3.70865 -0.291766
9.25396 -4.26614 0.0177846
8.96336 -4.13217 -0.0172258
8.47286 -3.90604 -0.0488523
8.91763 -4.11108 -0.0856945
8.64488 -3.98534 -0.116305
8.51733 -3.92654 -0.147335
8.28982 -3.82166 -0.175272
8.38908 -3.86742 -0.209632
8.38837 -3.86709 -0.241875
7.87921 -3.63237 -0.257502
7.86927 -3.62778 -0.287456
9.12243 -4.16887 -0.0525176
8.79479 -4.01914 -0.0843855
8.41249 -3.84444 -0.113006
8.51212 -3.88997 -0.147021
8.3661 -3.82324 -0.176616
8.63828 -3.94762 -0.215531
8.63754 -3.94728 -0.248681
8.05486 -3.681 -0.262842
7.86308 -3.59336 -0.286793
9.1362 -4.1386 -0.0525176
8.80807 -3.98996 -0.0843855
8.42519 -3.81652 -0.113006
8.52497 -3.86172 -0.147021
8.37873 -3.79547 -0.176616
8.65132 -3.91895 -0.215531
8.65058 -3.91862 -0.248681
8.06702 -3.65427 -0.262842
7.87495 -3.56727 -0.286793
9.34083 -4.19597 -0.0178715
8.91199 -4.00334 -0.0511562
8.41009 -3.77788 -0.0804586
8.61045 -3.86788 -0.115328
8.48234 -3.81033 -0.146079
8.4271 -3.78552 -0.177384
8.14377 -3.65825 -0.202599
8.14308 -3.65794 -0.23376
8.06934 -3.62481 -0.262546
7.99552 -3.59165 -0.290772
9.08063 -4.04296 -0.017348
8.76992 -3.90462 -0.0502661
8.72403 -3.88419 -0.0833384
8.81505 -3.92472 -0.117893
8.44012 -3.75778 -0.145136
8.03772 -3.57862 -0.168937
8.38419 -3.73288 -0.208271
7.94512 -3.5374 -0.22774
7.94435 -3.53705 -0.258096
7.95261 -3.54073 -0.288782
8.45346 -3.73018 -0.0483811
8.58133 -3.78661 -0.0818549
8.79143 -3.87932 -0.117404
8.57145 -3.78225 -0.147178
8.30566 -3.66497 -0.174312
8.13127 -3.58801 -0.201691
8.20374 -3.61999 -0.234807
8.20294 -3.61964 -0.266106
7.61684 -3.36101 -0.276183
8.46578 -3.70213 -0.0483811
8.59384 -3.75813 -0.0818549
8.80424 -3.85014 -0.117404
8.58395 -3.7538 -0.147178
8.31777 -3.6374 -0.174312
8.14313 -3.56103 -0.201691
8.2157 -3.59277 -0.234807
8.2149 -3.59242 -0.266106
7.62794 -3.33574 -0.276183
8.88106 -3.85054 -0.050685
8.69735 -3.77089 -0.0827275
8.64199 -3.74689 -0.115083
8.64157 -3.74671 -0.147963
8.83368 -3.83 -0.184871
8.46613 -3.67064 -0.209405
8.20861 -3.55899 -0.234284
8.20781 -3.55864 -0.265512
8.03268 -3.48271 -0.29044
8.83844 -3.79729 -0.0839492
8.90242 -3.82478 -0.118382
8.59882 -3.69435 -0.147021
8.40539 -3.61124 -0.175656
8.47826 -3.64255 -0.209405
8.30303 -3.56726 -0.23664
8.30222 -3.56691 -0.268182
7.98909 -3.43238 -0.288451
9.03532 -3.84644 -0.0171385
8.54736 -3.63871 -0.0810695
8.35343 -3.55615 -0.142623
8.41732 -3.58335 -0.175656
8.53629 -3.63399 -0.210539
8.28722 -3.52796 -0.235854
8.28641 -3.52762 -0.267292
7.80731 -3.32366 -0.281488
9.04803 -3.81645 -0.0171385
8.55938 -3.61034 -0.0810695
8.36518 -3.52843 -0.142623
8.42916 -3.55541 -0.175656
8.54829 -3.60567 -0.210539
8.29887 -3.50046 -0.235854
8.29806 -3.50012 -0.267292
7.81829 -3.29775 -0.281488
8.98616 -3.75715 -0.0169989
8.56145 -3.57958 -0.0809822
8.32087 -3.47899 -0.14168
8.80003 -3.67933 -0.183143
8.19985 -3.42839 -0.201691
8.29138 -3.46666 -0.235331
8.29057 -3.46632 -0.266699
7.7364 -3.23462 -0.278173
9.58985 -3.97225 0.0181162
9.42356 -3.90336 -0.0178017
9.11857 -3.77703 -0.0516798
8.83195 -3.65831 -0.0834256
8.82196 -3.65418 -0.150005
8.43347 -3.49326 -0.175272
8.24812 -3.41648 -0.202599
8.12735 -3.36646 -0.230357
8.12656 -3.36613 -0.261062
8.24571 -3.41548 -0.296076
9.26067 -3.79997 -0.0174701
8.86275 -3.63669 -0.0501614
8.97355 -3.68215 -0.0846473
8.80671 -3.61369 -0.116305
8.89878 -3.65147 -0.151105
8.50975 -3.49184 -0.176616
8.24091 -3.38152 -0.202145
7.91651 -3.24841 -0.224075
7.91574 -3.2481 -0.253942
8.09056 -3.31983 -0.290108
9.23605 -3.75413 -0.0522034
8.96718 -3.64484 -0.0844728
8.51296 -3.46021 -0.112273
8.28097 -3.36592 -0.140424
8.23415 -3.34689 -0.170665
8.59475 -3.49346 -0.210539
8.42733 -3.42541 -0.23821
7.78757 -3.16537 -0.249492
7.78672 -3.16502 -0.278836
9.2478 -3.72509 -0.0522034
8.97859 -3.61665 -0.0844728
8.52378 -3.43345 -0.112273
8.2915 -3.33989 -0.140424
8.24463 -3.32101 -0.170665
8.60569 -3.46644 -0.210539
8.43805 -3.39892 -0.23821
7.79748 -3.14089 -0.249492
7.79662 -3.14055 -0.278836
9.55744 -3.81303 -0.0179588
8.65639 -3.45355 -0.0488
8.67475 -3.46087 -0.0815058
8.80446 -3.51262 -0.115816
8.71116 -3.4754 -0.147335
8.49704 -3.38998 -0.175656
8.36642 -3.33786 -0.204414
7.79933 -3.11162 -0.219886
8.09566 -3.22984 -0.258689
8.09477 -3.22948 -0.289114
9.1793 -3.62693 -0.0516798
9.11398 -3.60112 -0.08552
8.64866 -3.41727 -0.113617
8.43436 -3.33259 -0.142466
8.41525 -3.32504 -0.173736
8.38674 -3.31377 -0.204641
8.04203 -3.17757 -0.226431
8.00406 -3.16257 -0.255426
8.00318 -3.16222 -0.285467
9.45214 -3.69854 0.0177148
8.66958 -3.39233 -0.081244
8.89274 -3.47966 -0.116671
8.68746 -3.39933 -0.14655
8.44485 -3.3044 -0.17412
8.6863 -3.39888 -0.211674
8.47144 -3.31481 -0.23821
8.38684 -3.2817 -0.267292
8.38592 -3.28134 -0.298729
9.40777 -3.64714 -0.0176097
8.89485 -3.4483 -0.0499519
8.51237 -3.30002 -0.0796732
8.85702 -3.43363 -0.116061
8.58622 -3.32865 -0.144665
8.64163 -3.35013 -0.17796
8.45457 -3.27762 -0.205775
8.01578 -3.10751 -0.225122
8.34119 -3.23366 -0.265512
8.34027 -3.2333 -0.296739
9.41981 -3.61593 -0.0176097
8.90623 -3.41878 -0.0499519
8.52326 -3.27177 -0.0796732
8.86835 -3.40424 -0.116061
8.59721 -3.30016 -0.144665
8.6527 -3.32146 -0.17796
8.46539 -3.24956 -0.205775
8.02604 -3.08091 -0.225122
8.35187 -3.20598 -0.265512
8.35095 -3.20563 -0.296739
9.03915 -3.43546 -0.0168767
8.91752 -3.38923 -0.0499519
8.80514 -3.34652 -0.0822039
8.88894 -3.37837 -0.116183
8.92589 -3.39241 -0.150005
8.51413 -3.23591 -0.174888
8.12101 -3.0865 -0.197154
8.27917 -3.14661 -0.231928
8.31573 -3.16051 -0.264029
8.31482 -3.16017 -0.295082
9.12537 -3.43364 -0.0170164
9.49963 -3.57446 -0.0531459
9.0408 -3.40182 -0.0842983
8.71292 -3.27844 -0.113739
8.56276 -3.22194 -0.143722
8.45931 -3.18302 -0.173544
8.27155 -3.11237 -0.200557
8.28956 -3.11914 -0.231928
8.04551 -3.02732 -0.255129
8.04463 -3.02698 -0.285135
8.90153 -3.31752 -0.082902
8.77003 -3.26851 -0.11435
8.44167 -3.14614 -0.141523
8.83464 -3.2926 -0.181031
8.60917 -3.20856 -0.208498
7.87779 -2.93599 -0.220148
8.12055 -3.02646 -0.257206
8.12902 -3.02962 -0.287788
9.41931 -3.47497 -0.0525699
8.99691 -3.31914 -0.0836874
9.04349 -3.33632 -0.117771
8.34887 -3.08006 -0.139796
8.50783 -3.1387 -0.17412
8.16954 -3.0139 -0.197608
8.45959 -3.12091 -0.236116
8.26183 -3.04795 -0.261359
7.9046 -2.91616 -0.279499
9.43078 -3.44371 -0.0525699
9.00787 -3.28928 -0.0836874
9.0545 -3.30631 -0.117771
8.35904 -3.05236 -0.139796
8.51819 -3.11047 -0.17412
8.17949 -2.9868 -0.197608
8.46989 -3.09284 -0.236116
8.40334 -3.06853 -0.265512
8.08322 -2.95164 -0.285467
9.49869 -3.43286 0.0176275
9.45167 -3.41586 -0.0175399
8.9155 -3.22209 -0.0496377
8.85885 -3.20162 -0.0822039
9.05601 -3.27287 -0.117649
8.54778 -3.08919 -0.14278
8.59428 -3.106 -0.175464
8.24577 -2.98004 -0.198969
8.65873 -3.12929 -0.24109
8.41347 -3.04065 -0.265512
8.09296 -2.92482 -0.285467
9.41528 -3.3693 -0.0174527
9.15154 -3.27492 -0.0508944
8.91594 -3.19061 -0.0826402
8.87796 -3.17702 -0.115205
8.67042 -3.10275 -0.144665
8.45338 -3.02508 -0.172393
8.65043 -3.0956 -0.208498
8.14144 -2.91345 -0.226431
8.19711 -2.93338 -0.258392
8.31854 -2.97683 -0.293092
9.29443 -3.29133 -0.0172083
9.46399 -3.35138 -0.0525699
9.03016 -3.19775 -0.0836002
9.25605 -3.27774 -0.11997
8.5487 -3.02725 -0.142466
8.75553 -3.10049 -0.178344
8.49101 -3.00683 -0.204414
8.18875 -2.89979 -0.227478
8.09373 -2.86614 -0.254832
8.09284 -2.86582 -0.284804
9.72054 -3.40599 0.0179766
9.13542 -3.20097 -0.0168942
9.44674 -3.31005 -0.0524129
9.0879 -3.18432 -0.0840365
9.20081 -3.22388 -0.119115
8.80404 -3.08486 -0.14655
8.76576 -3.07144 -0.178344
8.15184 -2.85633 -0.196019
8.3587 -2.92881 -0.231928
8.23525 -2.88556 -0.258986
8.01741 -2.80923 -0.28182
10.0152 -3.472 0.0185002
9.27826 -3.21651 -0.0171385
9.41042 -3.26233 -0.0521511
8.72017 -3.02304 -0.112762
8.71975 -3.02289 -0.144979
8.73811 -3.02926 -0.177576
8.75636 -3.03559 -0.210313
8.30225 -2.87816 -0.230096
8.292 -2.8746 -0.260469
7.93225 -2.74989 -0.278504
10.0261 -3.44052 0.0185002
9.28832 -3.18735 -0.0171385
9.42063 -3.23275 -0.0521511
8.72963 -2.99563 -0.112762
8.7292 -2.99548 -0.144979
8.74758 -3.00179 -0.177576
8.64293 -2.96588 -0.207363
8.36798 -2.87153 -0.231666
8.16863 -2.80312 -0.256316
7.82741 -2.68603 -0.274525
9.49769 -3.22403 0.0175053
9.28937 -3.15332 -0.0171211
9.60174 -3.25935 -0.0530935
9.08038 -3.08237 -0.11716
8.80536 -2.98902 -0.146079
8.74802 -2.96955 -0.177384
8.65271 -2.9372 -0.207363
8.37746 -2.84376 -0.231666
8.17788 -2.77601 -0.256316
7.83627 -2.66006 -0.274525
9.84013 -3.30392 0.0181162
9.27134 -3.11295 -0.0170687
9.21434 -3.09381 -0.0508944
8.70191 -2.92175 -0.112151
8.67305 -2.91206 -0.143722
8.61565 -2.89279 -0.174504
8.70979 -2.9244 -0.208498
8.14045 -2.73324 -0.22486
7.94067 -2.66616 -0.248602
7.79767 -2.61815 -0.272868
9.33855 -3.10109 0.0171737
9.12976 -3.03176 -0.0167895
8.83545 -2.93403 -0.0487476
9.10096 -3.02219 -0.0836874
8.92981 -2.96536 -0.114961
8.76806 -2.91165 -0.145136
8.67264 -2.87996 -0.175464
8.62456 -2.864 -0.206229
8.13998 -2.70308 -0.224598
8.24354 -2.73747 -0.257799
8.03396 -2.66787 -0.280825
9.85164 -3.23715 0.0542969
9.62375 -3.16227 0.0176799
9.45275 -3.10608 -0.0173654
9.38613 -3.08419 -0.0517322
8.71109 -2.86238 -0.112029
8.91015 -2.92778 -0.147335
8.9571 -2.94321 -0.181031
8.38658 -2.75574 -0.20033
8.40485 -2.76175 -0.231666
8.19512 -2.69283 -0.256019
7.80492 -2.56462 -0.272536
9.79551 -3.18275 0.0898836
9.65309 -3.13648 0.053145
9.68174 -3.14579 0.0177671
9.47251 -3.0778 -0.0173829
9.24414 -3.0036 -0.0508944
8.70152 -2.82729 -0.111785
8.78668 -2.85496 -0.145136
8.65302 -2.81154 -0.174696
8.6714 -2.81751 -0.206909
8.3284 -2.70606 -0.22931
8.23252 -2.67491 -0.256909
8.15558 -2.64991 -0.284472
9.62547 -3.09226 0.017645
9.178 -2.9485 -0.0168244
9.0922 -2.92094 -0.0500043
9.07261 -2.91464 -0.116427
9.04361 -2.90533 -0.14922
8.90979 -2.86234 -0.179688
8.49985 -2.73064 -0.202599
8.56575 -2.75181 -0.235593
8.00344 -2.57116 -0.249492
7.54581 -2.42415 -0.262921
9.63568 -3.06032 0.017645
9.18773 -2.91805 -0.0168244
9.10184 -2.89077 -0.0500043
9.08222 -2.88454 -0.116427
9.05319 -2.87532 -0.14922
8.91923 -2.83277 -0.179688
8.50886 -2.70244 -0.202599
8.57483 -2.72339 -0.235593
8.01192 -2.54461 -0.249492
7.55381 -2.39911 -0.262921
9.96961 -3.13193 0.0182384
9.39719 -2.95211 -0.0171909
9.85501 -3.09593 -0.0540884
8.89091 -2.79306 -0.113862
8.69969 -2.73299 -0.143251
8.8804 -2.78976 -0.178728
8.38378 -2.63375 -0.199423
8.26862 -2.59757 -0.226954
8.30596 -2.6093 -0.258392
8.17155 -2.56708 -0.28414
9.62659 -2.98913 0.0175926
9.52153 -2.95652 -0.0174003
9.28267 -2.88234 -0.0508944
9.10066 -2.82583 -0.116427
8.62277 -2.67744 -0.141838
8.78456 -2.72768 -0.176616
8.65025 -2.68598 -0.205548
8.46812 -2.62942 -0.23219
8.1141 -2.51949 -0.252162
8.08457 -2.51033 -0.280825
10.3342 -3.17132 0.0566008
9.36877 -2.87505 0.0171039
9.44525 -2.89852 -0.0172432
9.66501 -2.96596 -0.0529365
9.16734 -2.81324 -0.11716
9.10954 -2.7955 -0.149691
8.72665 -2.678 -0.175272
8.69734 -2.66901 -0.206456
8.4099 -2.5808 -0.230357
8.25619 -2.53363 -0.256316
7.9973 -2.45418 -0.277509
9.7419 -2.95424 0.0177671
9.48351 -2.87589 -0.0172956
9.23459 -2.8004 -0.0505279
9.22446 -2.79733 -0.117771
8.64033 -2.62019 -0.141838
8.62067 -2.61423 -0.172969
8.69658 -2.63725 -0.206229
8.38971 -2.54419 -0.229572
8.15932 -2.47433 -0.253052
8.06279 -2.44505 -0.279499
10.1435 -3.04126 0.0924143
9.75113 -2.92362 0.0177671
9.48292 -2.84321 -0.0172781
9.18587 -2.75415 -0.0502137
9.30025 -2.78844 -0.118626
9.01247 -2.70216 -0.147806
8.67673 -2.60149 -0.173928
8.32177 -2.49507 -0.197154
8.64663 -2.59247 -0.236378
8.41599 -2.52332 -0.260766
7.86938 -2.35943 -0.272536
10.0097 -2.96501 0.0911053
9.55942 -2.83163 0.0174006
9.2526 -2.74074 -0.0168418
8.92649 -2.64415 -0.0487476
8.95471 -2.65251 -0.114106
9.05973 -2.68361 -0.148435
8.60861 -2.54999 -0.172393
8.54088 -2.52993 -0.202145
8.50182 -2.51835 -0.23219
8.11763 -2.40455 -0.251272
7.86758 -2.33048 -0.272205
9.80857 -2.87009 0.0535115
9.09848 -2.6623 0.0165454
9.3768 -2.74375 -0.0170513
9.11756 -2.66789 -0.0497425
8.8291 -2.58348 -0.112396
8.68472 -2.54124 -0.142152
8.78975 -2.57197 -0.175848
8.31894 -2.43421 -0.1967
8.46215 -2.47611 -0.230881
7.59792 -2.22323 -0.234956
8.02874 -2.34929 -0.277509
9.81804 -2.83754 0.0535115
9.10725 -2.63212 0.0165454
9.38585 -2.71264 -0.0170513
9.12636 -2.63764 -0.0497425
8.83762 -2.55419 -0.112396
8.6931 -2.51242 -0.142152
8.79823 -2.54281 -0.175848
8.32697 -2.40661 -0.1967
8.47031 -2.44803 -0.230881
7.60526 -2.19802 -0.234956
8.03649 -2.32265 -0.277509
10.4613 -2.98787 0.094945
9.86537 -2.81767 0.053721
9.76933 -2.79024 0.0177322
9.46164 -2.70236 -0.0171734
9.12498 -2.60621 -0.0496901
9.1725 -2.61978 -0.116549
9.15283 -2.61416 -0.149534
8.71004 -2.48769 -0.173928
8.27681 -2.36396 -0.195339
8.353 -2.38572 -0.227478
8.04463 -2.29765 -0.248306
7.64973 -2.18486 -0.263916
10.3941 -2.93145 0.0942469
9.63416 -2.71711 0.0174704
9.86515 -2.78226 -0.017889
9.30681 -2.62479 -0.0506326
9.18114 -2.58935 -0.116549
8.93048 -2.51866 -0.145764
8.96843 -2.52936 -0.17892
8.60213 -2.42605 -0.202826
8.36087 -2.35801 -0.227478
8.36005 -2.35778 -0.257799
8.0417 -2.26799 -0.277178
9.72982 -2.70929 0.0176275
9.67202 -2.6932 -0.0175225
9.63337 -2.68244 -0.0523605
8.81399 -2.45428 -0.111785
8.73651 -2.4327 -0.142466
9.03456 -2.5157 -0.180072
8.61013 -2.39751 -0.202826
8.41679 -2.34368 -0.228787
8.34857 -2.32468 -0.257206
8.02992 -2.23595 -0.276515
10.2205 -2.80944 0.0925016
9.63269 -2.64786 0.0174355
9.38198 -2.57894 -0.0169814
9.57472 -2.63192 -0.051994
9.17883 -2.5231 -0.116305
9.14945 -2.51503 -0.149063
8.89824 -2.44597 -0.177192
8.62768 -2.3716 -0.203053
8.89683 -2.44559 -0.241613
7.96107 -2.18836 -0.245043
7.94092 -2.18282 -0.273199
9.64096 -2.61758 -0.0174352
9.59259 -2.60445 -0.0520463
9.01301 -2.44709 -0.114106
9.20556 -2.49937 -0.149848
8.61642 -2.33941 -0.171433
8.68332 -2.35758 -0.204187
8.24846 -2.23951 -0.223813
8.19942 -2.2262 -0.252162
7.85129 -2.13168 -0.269884
9.4081 -2.52089 -0.0169989
9.4756 -2.53898 -0.0513656
8.97278 -2.40425 -0.113495
8.76952 -2.34979 -0.142623
8.85591 -2.37293 -0.17604
8.74904 -2.3443 -0.205548
8.53586 -2.28718 -0.231404
8.12952 -2.1783 -0.249789
8.4279 -2.25825 -0.289445
10.0255 -2.65072 0.0180987
9.15538 -2.42067 -0.0165277
9.28095 -2.45387 -0.0502661
8.9517 -2.36681 -0.113129
8.92227 -2.35903 -0.144979
9.07638 -2.39978 -0.180264
8.41848 -2.22583 -0.197608
8.6787 -2.29463 -0.235069
7.94342 -2.10023 -0.243856
7.71065 -2.03868 -0.264579
9.33753 -2.43572 -0.0168418
9.19227 -2.39783 -0.0497425
8.78534 -2.29169 -0.110929
8.76557 -2.28653 -0.142309
8.84243 -2.30658 -0.175464
8.77406 -2.28874 -0.205775
8.61855 -2.24818 -0.233237
8.14378 -2.12433 -0.249789
8.07519 -2.10644 -0.276846
10.2841 -2.64817 0.0926761
9.34513 -2.40638 -0.0168418
9.19976 -2.36894 -0.0497425
8.7925 -2.26407 -0.110929
8.77271 -2.25898 -0.142309
8.7044 -2.24139 -0.172585
8.44236 -2.17391 -0.197834
8.44164 -2.17373 -0.228263
7.98586 -2.05636 -0.244746
8.11081 -2.08854 -0.277841
10.2928 -2.61405 0.0926761
9.49845 -2.4123 -0.0171036
9.30449 -2.36304 -0.0502661
9.00348 -2.28659 -0.113495
8.99335 -2.28402 -0.145764
8.71178 -2.21251 -0.172585
8.44952 -2.1459 -0.197834
8.4488 -2.14572 -0.228263
7.99264 -2.02987 -0.244746
8.11769 -2.06163 -0.277841
9.13778 -2.28847 -0.0164404
9.40928 -2.35647 -0.0507897
9.04937 -2.26633 -0.14655
8.85485 -2.21761 -0.175272
8.68934 -2.17616 -0.203279
8.42677 -2.11041 -0.227478
8.61018 -2.15634 -0.263436
7.87241 -1.97157 -0.269221
9.3589 -2.31089 -0.0168244
9.62091 -2.37559 -0.0518892
9.18303 -2.26747 -0.148592
8.80392 -2.17386 -0.17412
8.74504 -2.15932 -0.204414
8.35609 -2.06328 -0.225384
8.38439 -2.07027 -0.256316
8.1894 -2.02212 -0.27983
9.34669 -2.27675 -0.0167895
9.59918 -2.33825 -0.0517322
9.12211 -2.22204 -0.147492
9.18955 -2.23847 -0.181607
8.95576 -2.18152 -0.209178
8.63448 -2.10326 -0.232713
8.27431 -2.01553 -0.252756
8.40935 -2.04842 -0.287124
9.68479 -2.32511 -0.0173829
9.50965 -2.28306 -0.0512086
9.04192 -2.17077 -0.146079
8.69138 -2.08662 -0.171625
8.69075 -2.08646 -0.202826
8.38868 -2.01394 -0.225907
8.52393 -2.04642 -0.260172
8.55215 -2.05319 -0.291766
11.7533 -2.78054 0.231905
10.4706 -2.47707 0.0938978
9.67298 -2.28838 -0.017348
8.99069 -2.12697 -0.145136
8.85393 -2.09461 -0.174696
8.68789 -2.05533 -0.202599
8.39531 -1.98611 -0.225907
8.50149 -2.01123 -0.259282
8.12124 -1.92128 -0.276846
10.43 -2.43098 0.0934615
9.89478 -2.30623 -0.0177319
8.88084 -2.06991 -0.143251
8.8803 -2.06978 -0.17508
8.71413 -2.03105 -0.203053
8.54788 -1.9923 -0.229834
8.00191 -1.86505 -0.243856
8.29304 -1.9329 -0.282483
10.7008 -2.45866 0.0958176
8.82883 -2.02856 -0.142309
8.67239 -1.99261 -0.170857
8.79842 -2.02157 -0.204868
8.13516 -1.86918 -0.218578
8.33895 -1.916 -0.253942
8.114 -1.86432 -0.276183
9.14758 -2.06989 -0.147335
8.86423 -2.00577 -0.174504
8.95134 -2.02548 -0.208271
8.39482 -1.89955 -0.225384
8.20877 -1.85745 -0.249789
8.07139 -1.82637 -0.274525
9.12512 -2.03302 -0.146864
8.90011 -1.98289 -0.17508
8.91897 -1.98709 -0.207363
8.47913 -1.8891 -0.227478
8.17586 -1.82153 -0.248602
8.5164 -1.8974 -0.289445
10.1484 -2.2257 0.090669
9.04391 -1.98347 -0.14545
8.79921 -1.9298 -0.172969
8.63255 -1.89325 -0.200557
8.50488 -1.86525 -0.228001
8.71885 -1.91218 -0.264919
8.44454 -1.85202 -0.286793
8.95236 -1.93393 -0.143879
8.89318 -1.92115 -0.174696
8.63846 -1.86612 -0.200557
8.20779 -1.77309 -0.219886
8.00181 -1.72859 -0.242966
8.3917 -1.81282 -0.284804
8.95873 -1.90424 -0.143879
8.8995 -1.89165 -0.174696
8.6446 -1.83747 -0.200557
8.21362 -1.74586 -0.219886
8.0075 -1.70205 -0.242966
8.39767 -1.78498 -0.284804
9.08244 -1.89907 -0.145764
8.88615 -1.85803 -0.174312
8.72893 -1.82516 -0.202372
8.72819 -1.825 -0.233499
8.20878 -1.7164 -0.248899
8.10027 -1.69371 -0.274525
10.304 -2.11886 0.0918034
9.04951 -1.86089 -0.145136
8.81392 -1.81244 -0.172777
8.73494 -1.7962 -0.202372
8.44044 -1.73564 -0.225645
8.38087 -1.7234 -0.253942
8.32122 -1.71113 -0.28182
10.5748 -2.13995 0.131821
10.585 -2.14201 0.0942469
8.80051 -1.78089 -0.141052
8.77057 -1.77483 -0.171817
8.75033 -1.77074 -0.202599
8.51444 -1.723 -0.227478
8.33726 -1.68714 -0.252459
8.04247 -1.62749 -0.272205
10.288 -2.04642 0.0915416
8.81563 -1.75354 -0.172585
8.71694 -1.73391 -0.201691
8.68678 -1.72791 -0.231928
8.36242 -1.66339 -0.253052
8.27328 -1.64566 -0.27983
10.7851 -2.10813 0.134264
10.1966 -1.99311 0.090669
9.02746 -1.76457 -0.176616
8.6049 -1.68198 -0.198969
8.59435 -1.67991 -0.22931
8.30903 -1.62414 -0.251272
7.85691 -1.53577 -0.265574
10.3889 -1.99494 0.166184
11.0571 -2.12327 0.137563
10.5764 -2.03094 0.0939851
9.00381 -1.72897 -0.17604
8.84606 -1.69868 -0.204414
8.62933 -1.65706 -0.230096
8.45179 -1.62297 -0.255426
8.12697 -1.56059 -0.274525
10.4549 -1.97359 0.0928506
9.0294 -1.70449 -0.144351
8.96007 -1.6914 -0.17508
8.76294 -1.65419 -0.202372
8.54608 -1.61325 -0.22774
8.44703 -1.59456 -0.255129
8.00416 -1.51095 -0.270215
10.0976 -1.87149 0.0896218
9.20213 -1.70551 -0.147021
8.89682 -1.64893 -0.173736
8.83719 -1.63788 -0.20396
8.58087 -1.59037 -0.228525
8.48176 -1.572 -0.256019
8.28428 -1.5354 -0.279499
10.8112 -1.96668 0.172624
9.9759 -1.81473 0.0884873
9.10936 -1.65709 -0.14545
8.93175 -1.62478 -0.174312
8.95077 -1.62824 -0.206456
8.60577 -1.56549 -0.229048
8.43775 -1.53492 -0.254536
8.25 -1.50077 -0.278173
10.543 -1.88179 0.0934615
9.26245 -1.65323 -0.147806
8.76976 -1.56529 -0.171049
8.77896 -1.56693 -0.202372
8.77821 -1.5668 -0.233499
8.45263 -1.50869 -0.254832
8.22541 -1.46813 -0.277178
11.9153 -2.08813 0.274517
11.4829 -2.01234 0.223842
11.4639 -2.00901 0.182834
10.9326 -1.9159 0.135608
10.6079 -1.85901 0.0939851
9.01154 -1.57925 -0.143722
9.17841 -1.60849 -0.17892
8.84293 -1.5497 -0.203733
8.53693 -1.49607 -0.226954
8.15212 -1.42864 -0.245636
8.06262 -1.41295 -0.271541
11.597 -1.99273 0.26703
11.1544 -1.91668 0.217315
11.234 -1.93035 0.179064
10.6531 -1.83053 0.132065
10.6042 -1.82213 0.0938978
9.09501 -1.56281 -0.177192
8.82831 -1.51698 -0.203279
8.5714 -1.47284 -0.22774
8.67893 -1.49131 -0.261359
8.41202 -1.44545 -0.283146
10.7867 -1.81669 0.171839
10.5112 -1.77028 0.130233
10.5806 -1.78197 0.093636
8.94239 -1.50607 -0.17412
9.09947 -1.53253 -0.209405
8.7241 -1.46931 -0.231666
8.25013 -1.38948 -0.248306
7.84514 -1.32127 -0.263916
11.0196 -1.81836 0.175452
10.586 -1.74681 0.131088
10.3595 -1.70943 0.0916289
9.16436 -1.51222 -0.178344
8.73954 -1.44212 -0.201011
8.75852 -1.44525 -0.232451
8.53083 -1.40768 -0.256612
8.24392 -1.36034 -0.277178
10.6304 -1.71985 0.169169
10.858 -1.75667 0.134386
10.7597 -1.74076 0.0951195
9.23872 -1.49469 -0.147021
8.78414 -1.42115 -0.170857
8.98088 -1.45298 -0.206456
8.63473 -1.39697 -0.229048
8.57468 -1.38726 -0.257799
8.18896 -1.32486 -0.275189
11.3366 -1.79554 0.220387
10.6662 -1.68937 0.131943
10.6963 -1.69412 0.0945087
8.75918 -1.38732 -0.170281
8.9264 -1.4138 -0.205094
8.56032 -1.35582 -0.226954
8.52987 -1.351 -0.256316
7.87742 -1.24766 -0.264579
12.0025 -1.86024 0.31805
10.4445 -1.61876 0.129133
10.2571 -1.58972 0.0905817
8.89218 -1.37817 -0.172777
8.70382 -1.34898 -0.199876
8.44623 -1.30905 -0.223813
8.25773 -1.27984 -0.248009
8.2667 -1.28123 -0.277509
11.1215 -1.68595 0.176708
10.8556 -1.64563 0.0958176
8.81762 -1.33669 -0.171241
8.68847 -1.31711 -0.199423
8.52959 -1.29303 -0.225907
8.42005 -1.27642 -0.252756
8.42901 -1.27778 -0.282814
10.524 -1.56156 0.129988
10.2177 -1.51611 0.0901454
8.891 -1.31925 -0.172585
8.37611 -1.24285 -0.192163
8.88959 -1.31904 -0.235331
8.41413 -1.24849 -0.252459
7.71129 -1.14421 -0.258611
10.5291 -1.52665 0.129988
10.2227 -1.48222 0.0901454
8.89533 -1.28976 -0.172585
8.38019 -1.21507 -0.192163
8.89392 -1.28956 -0.235331
8.41823 -1.22058 -0.252459
7.71504 -1.11863 -0.258611
11.3447 -1.60651 0.220003
11.1771 -1.58278 0.177337
11.0291 -1.56182 0.136097
9.19654 -1.30231 -0.178344
8.82961 -1.25035 -0.202372
8.61111 -1.21941 -0.22774
8.35295 -1.18285 -0.250382
8.02547 -1.13648 -0.268889
12.3384 -1.70551 0.326165
10.3805 -1.43488 0.128033
8.85416 -1.22389 -0.171625
8.82381 -1.2197 -0.202145
8.6151 -1.19085 -0.22774
8.49545 -1.17431 -0.254536
8.29651 -1.14681 -0.277841
12.0465 -1.62661 0.318312
11.0285 -1.48916 0.174823
10.8606 -1.46648 0.133898
8.92732 -1.20544 -0.172969
8.64926 -1.16789 -0.198061
8.74759 -1.18117 -0.231143
8.47928 -1.14494 -0.253942
8.23074 -1.11138 -0.27552
12.26 -1.61406 0.323809
11.0334 -1.45258 0.174823
10.2016 -1.34306 0.0897963
9.20883 -1.21236 -0.178344
9.03965 -1.19009 -0.206909
8.59288 -1.13127 -0.226954
8.23528 -1.0842 -0.246526
8.13529 -1.07103 -0.272205
11.0382 -1.41598 0.174823
10.404 -1.33462 0.128156
9.10371 -1.16783 -0.176232
8.72623 -1.1194 -0.199649
8.61642 -1.10532 -0.227478
8.27849 -1.06197 -0.247713
8.32715 -1.06821 -0.278504
10.6961 -1.33606 0.131699
9.26627 -1.15746 -0.179304
8.70013 -1.08674 -0.198969
8.75891 -1.09408 -0.231143
8.32164 -1.03946 -0.248899
8.09262 -1.01086 -0.270547
10.8293 -1.31816 0.133287
9.11106 -1.10901 -0.176232
8.76305 -1.06665 -0.20033
8.81192 -1.0726 -0.232451
8.48362 -1.03264 -0.253646
8.27434 -1.00717 -0.276515
10.0988 -1.19527 0.124246
9.1544 -1.0835 -0.177
9.13388 -1.08107 -0.208724
8.72608 -1.0328 -0.230096
8.63589 -1.02213 -0.258096
8.17839 -0.967976 -0.273199
10.9272 -1.25659 0.134386
9.02882 -1.03828 -0.174504
8.76993 -1.00851 -0.20033
8.63015 -0.992437 -0.227478
8.00371 -0.920398 -0.239109
7.96311 -0.91573 -0.265905
10.6928 -1.19372 0.131454
9.06202 -1.01166 -0.17508
8.74342 -0.976096 -0.199649
8.83209 -0.985995 -0.232713
8.58288 -0.958174 -0.256316
8.20449 -0.915932 -0.273862
9.32359 -1.01122 -0.180072
8.7365 -0.947545 -0.199423
8.66619 -0.939919 -0.228263
8.48647 -0.920428 -0.253349
7.7602 -0.841657 -0.258942
11.3262 -1.19043 0.178907
11.0483 -1.16122 0.13573
9.27718 -0.975071 -0.179112
8.77937 -0.922749 -0.20033
8.69909 -0.914311 -0.229048
8.58889 -0.902728 -0.256316
8.18041 -0.859796 -0.272868
11.0814 -1.12756 0.17498
11.0024 -1.11952 0.135119
8.93157 -0.908811 -0.203733
8.8413 -0.899626 -0.232713
8.42278 -0.85704 -0.251272
8.35225 -0.849864 -0.278504
11.095 -1.09179 0.175138
10.8567 -1.06834 0.133287
9.15342 -0.900727 -0.208724
8.48609 -0.835059 -0.223289
8.19678 -0.806591 -0.244449
8.23567 -0.810417 -0.274525
11.2577 -1.07209 0.177651
8.79792 -0.837846 -0.200557
8.82702 -0.840617 -0.23219
8.46794 -0.806421 -0.252459
8.26802 -0.787383 -0.27552
11.3302 -1.0411 0.218467
11.0322 -1.01371 0.174038
10.8734 -0.999123 0.133409
9.1398 -0.83983 -0.176232
8.86038 -0.814155 -0.201918
8.48135 -0.779327 -0.223028
8.57011 -0.787482 -0.255426
7.86253 -0.722465 -0.261926
10.9956 -0.973596 0.17341
10.8069 -0.956887 0.132554
9.09274 -0.805108 -0.175272
8.75349 -0.775069 -0.199423
8.44406 -0.74767 -0.221981
8.81163 -0.780217 -0.262546
8.20337 -0.726359 -0.273199
10.9091 -0.929488 0.171996
10.8001 -0.920196 0.132432
9.23483 -0.786834 -0.17796
9.07477 -0.773197 -0.206683
8.96444 -0.763795 -0.235593
8.78429 -0.748446 -0.261656
8.25553 -0.703395 -0.274857
11.191 -0.918103 0.176394
10.8328 -0.888715 0.132798
8.98748 -0.737327 -0.204641
8.78746 -0.720916 -0.230881
8.36819 -0.68652 -0.249196
7.99871 -0.656209 -0.266237
11.1342 -0.87628 0.175452
10.9354 -0.860632 0.13402
9.00981 -0.709088 -0.205094
8.73 -0.687066 -0.22931
8.33056 -0.655629 -0.248009
7.91117 -0.622623 -0.263253
11.2268 -0.846116 0.176865
10.9182 -0.822861 0.133775
8.92239 -0.672444 -0.203053
9.07116 -0.683656 -0.23821
8.44233 -0.636264 -0.251272
8.23211 -0.620421 -0.273862
11.1697 -0.804572 0.175923
10.8112 -0.778749 0.132432
9.04489 -0.65152 -0.17412
9.06418 -0.652909 -0.206229
8.20592 -0.591087 -0.215436
8.45436 -0.608983 -0.251569
8.38366 -0.60389 -0.278836
11.3311 -0.780422 0.218083
10.9028 -0.750927 0.171682
10.7836 -0.742719 0.132065
8.9465 -0.616186 -0.203506
8.72633 -0.601022 -0.229048
8.37646 -0.576925 -0.249196
8.39548 -0.578235 -0.279167
11.3627 -0.74475 0.258409
11.6129 -0.761152 0.223458
11.2345 -0.736348 0.176865
10.5665 -0.692567 0.129377
8.83875 -0.579323 -0.201011
8.84798 -0.579927 -0.23219
8.56784 -0.561566 -0.254832
8.42727 -0.552353 -0.280162
11.4649 -0.713273 0.260678
11.815 -0.735054 0.227298
11.1471 -0.693501 0.175452
10.7185 -0.666837 0.13121
8.72089 -0.54256 -0.198288
8.96958 -0.558031 -0.235331
8.57963 -0.533771 -0.255129
8.36921 -0.52068 -0.278173
11.1287 -0.655317 0.214051
11.2891 -0.664762 0.177651
10.9702 -0.645985 0.134264
9.09257 -0.535421 -0.174888
9.02204 -0.531268 -0.205094
8.95142 -0.527109 -0.234807
8.59133 -0.505905 -0.255426
8.23121 -0.484699 -0.273531
11.1114 -0.619278 0.174823
11.052 -0.615969 0.135241
9.05361 -0.504591 -0.205775
8.84324 -0.492866 -0.231928
8.70266 -0.485031 -0.258689
8.34246 -0.464955 -0.277178
11.0035 -0.576671 0.173096
10.8743 -0.569896 0.133042
8.99534 -0.471426 -0.204414
8.53536 -0.447319 -0.223813
8.54451 -0.447799 -0.253942
8.65336 -0.453503 -0.287456
11.0154 -0.540669 0.173253
10.7463 -0.52746 0.131454
8.90698 -0.437182 -0.202372
8.73648 -0.428814 -0.229048
8.58588 -0.421422 -0.255129
8.56497 -0.420395 -0.284472
11.0271 -0.504595 0.17341
10.688 -0.489079 0.130721
8.79917 -0.402646 -0.169129
8.79853 -0.402617 -0.199876
8.90762 -0.407609 -0.233499
8.71704 -0.398888 -0.258986
8.35665 -0.382397 -0.277509
11.6055 -0.494531 0.304177
11.7272 -0.499717 0.225378
10.7989 -0.460159 0.169797
10.9692 -0.467419 0.134142
9.03947 -0.385188 -0.205321
8.65917 -0.368983 -0.226954
8.35873 -0.356181 -0.248306
8.45767 -0.360397 -0.280825
11.4682 -0.450587 0.260451
10.8503 -0.426309 0.170582
10.7109 -0.420834 0.130966
9.00074 -0.35364 -0.204414
8.60041 -0.337911 -0.225384
8.52966 -0.335131 -0.253349
8.23911 -0.323715 -0.273531
11.7294 -0.421898 0.266349
11.5004 -0.413663 0.220962
10.7123 -0.385313 0.130966
9.0718 -0.326306 -0.206002
8.7913 -0.316217 -0.230357
8.60065 -0.309359 -0.255426
8.35 -0.300344 -0.277178
11.341 -0.370277 0.257501
11.2619 -0.367693 0.216355
10.8934 -0.355661 0.133165
8.53325 -0.278605 -0.193751
8.70238 -0.284126 -0.228001
8.06215 -0.263223 -0.239406
8.14118 -0.265804 -0.270215
11.7818 -0.347619 0.267484
11.363 -0.33526 0.218275
10.5046 -0.309936 0.1284
8.65401 -0.255333 -0.196473
8.7332 -0.25767 -0.228787
8.72236 -0.25735 -0.258986
8.122 -0.239636 -0.269552
11.653 -0.305145 0.264535
10.5856 -0.277193 0.129377
9.12452 -0.238934 -0.207136
8.6041 -0.225306 -0.225384
8.45338 -0.22136 -0.250976
8.05281 -0.21087 -0.267231
12.1337 -0.277471 0.275424
10.8358 -0.247791 0.170268
10.7264 -0.245289 0.131088
8.88539 -0.203189 -0.201691
8.50486 -0.194487 -0.222766
8.52402 -0.194925 -0.253052
8.64298 -0.197646 -0.286793
10.4867 -0.205017 0.164771
10.4872 -0.205027 0.128156
8.65612 -0.169229 -0.196473
8.49546 -0.166088 -0.222504
8.43467 -0.164899 -0.250382
8.20392 -0.160388 -0.272205
11.3864 -0.186823 0.218659
11.1171 -0.182405 0.174666
11.1977 -0.183726 0.13683
8.83654 -0.144986 -0.200557
8.62588 -0.14153 -0.225907
8.19529 -0.134465 -0.243263
8.22437 -0.134942 -0.272868
11.2377 -0.147109 0.176551
10.8283 -0.14175 0.132309
8.99757 -0.117785 -0.172777
8.737 -0.114374 -0.198288
8.36642 -0.109522 -0.219101
8.31563 -0.108858 -0.246822
8.0149 -0.104921 -0.265905
10.5782 -0.103393 0.166184
10.7987 -0.105548 0.131943
8.89728 -0.0869633 -0.201918
8.80656 -0.0860766 -0.230619
8.6058 -0.0841143 -0.255426
8.32502 -0.08137 -0.276183
10.809 -0.0698024 0.132065
8.9975 -0.0581042 -0.204187
8.75681 -0.05655 -0.22931
8.53606 -0.0551244 -0.253349
8.26528 -0.0533757 -0.274194
10.8991 -0.0361431 0.133165
8.96764 -0.029738 -0.203506
8.8969 -0.0295034 -0.232975
8.61616 -0.0285724 -0.255722
8.23542 -0.0273099 -0.273199
11.597 0 0.263173
10.7092 0 0.130843
9.16831 0 -0.17604
8.83772 0 -0.200557
8.92694 0 -0.23376
8.56623 0 -0.254239
8.31543 0 -0.275852
10.8291 0.035911 0.132309
8.89766 0.0295059 -0.201918
8.81693 0.0292382 -0.230881
8.71611 0.0289039 -0.258689
8.72515 0.0289339 -0.289445
10.9084 0.0723482 0.171368
11.2489 0.0746065 0.137441
9.00748 0.0597406 -0.204414
8.72682 0.0578792 -0.228525
8.59603 0.0570117 -0.255129
8.26527 0.054818 -0.274194
10.7082 0.104663 0.168226
11.1086 0.108577 0.13573
8.88729 0.0868656 -0.201691
8.73659 0.0853927 -0.228787
8.38591 0.0819651 -0.248899
8.15512 0.0797094 -0.270547
10.5983 0.138739 0.1295
8.89695 0.116467 -0.201918
8.68628 0.11371 -0.227478
8.48554 0.111082 -0.251866
8.54457 0.111855 -0.283477
10.5778 0.173556 0.129255
9.00647 0.147774 -0.204414
8.84578 0.145138 -0.231666
8.22527 0.134957 -0.244153
8.39425 0.137729 -0.278504
10.6071 0.209223 0.129622
9.05591 0.178626 -0.205548
8.63536 0.17033 -0.226169
8.58455 0.169328 -0.254832
8.31381 0.163988 -0.275852
10.8464 0.248032 0.132554
8.83541 0.202046 -0.200557
8.95459 0.204772 -0.234546
8.47405 0.193783 -0.251569
8.48311 0.19399 -0.281488
11.5546 0.302568 0.181578
10.7655 0.281905 0.131576
8.70477 0.227943 -0.197608
8.88391 0.232633 -0.232713
8.5533 0.223976 -0.253942
8.60232 0.22526 -0.285467
11.1937 0.330267 0.175923
10.8545 0.320257 0.132676
8.86386 0.261525 -0.201238
8.80315 0.259734 -0.230619
8.41263 0.248212 -0.249789
8.19193 0.2417 -0.271873
11.1226 0.365089 0.174823
10.9733 0.360186 0.134142
8.85295 0.290589 -0.201011
8.71232 0.285973 -0.228263
8.40177 0.275779 -0.249492
8.24103 0.270503 -0.273531
11.1814 0.402187 0.175766
10.7822 0.387829 0.131821
9.09178 0.327025 -0.206456
8.86123 0.318732 -0.23219
8.54071 0.307204 -0.253646
8.42991 0.303218 -0.27983
11.6788 0.458863 0.224418
11.0201 0.432982 0.173253
10.581 0.41573 0.129377
9.00074 0.35364 -0.204414
8.58044 0.337126 -0.22486
8.18008 0.321396 -0.242966
7.75974 0.304881 -0.257616
11.2484 0.479314 0.176865
10.5996 0.451667 0.129622
8.93958 0.380932 -0.203053
8.84893 0.377069 -0.231928
8.80813 0.37533 -0.261656
8.39776 0.357843 -0.278836
11.4258 0.52484 0.219619
11.2468 0.516613 0.176865
10.8478 0.498285 0.132676
8.8384 0.405987 -0.200784
8.44819 0.388063 -0.221457
8.40743 0.386191 -0.249789
8.42647 0.387065 -0.27983
11.9226 0.585197 0.270887
12.0233 0.590142 0.231137
10.9155 0.535767 0.171682
10.8162 0.530892 0.132309
9.04678 0.444044 -0.205548
8.76644 0.430284 -0.229834
8.67573 0.425832 -0.257799
8.16567 0.400797 -0.27121
11.7617 0.616404 0.226146
11.4029 0.597603 0.179379
10.8144 0.566756 0.132309
9.0153 0.472472 -0.204868
8.66513 0.45412 -0.227216
8.39478 0.439952 -0.249492
8.78311 0.460303 -0.291766
11.7795 0.656516 0.22653
11.4209 0.636526 0.179693
11.3915 0.634887 0.139395
8.5645 0.47733 -0.194658
8.72347 0.48619 -0.228787
8.55295 0.476687 -0.254239
8.28258 0.461618 -0.275189
12.1347 0.716683 0.318312
11.7365 0.693167 0.266803
11.6975 0.69086 0.224994
11.1492 0.658479 0.175452
10.99 0.649078 0.134508
8.96207 0.529306 -0.203733
8.56214 0.505686 -0.224598
8.62117 0.509172 -0.256316
8.26105 0.487903 -0.274525
12.5226 0.779076 0.284726
11.6852 0.726984 0.224802
11.177 0.695364 0.175923
10.6885 0.664975 0.130843
8.85061 0.55063 -0.201238
8.72015 0.542514 -0.228787
8.5896 0.534392 -0.255426
8.39913 0.522542 -0.279167
12.9266 0.847252 0.384474
11.7027 0.767037 0.225186
10.9551 0.718038 0.172467
11.3249 0.74227 0.138662
8.69909 0.570169 -0.197834
8.45894 0.554429 -0.221981
8.24866 0.540646 -0.245339
8.0084 0.524898 -0.266237
12.4861 0.859977 0.327736
12.0991 0.83332 0.232865
11.5013 0.792149 0.181106
11.0031 0.757834 0.134753
8.68718 0.598325 -0.197608
8.67646 0.597588 -0.22774
8.51607 0.58654 -0.253349
8.34563 0.574801 -0.277509
12.5729 0.907857 0.330092
11.2885 0.815113 0.217315
11.6183 0.838926 0.182991
11.0604 0.798639 0.135486
9.05475 0.653818 -0.174312
8.75495 0.63217 -0.199196
8.57473 0.619157 -0.225122
8.56392 0.618377 -0.254832
8.54305 0.61687 -0.28414
12.1912 0.918804 0.320145
12.0029 0.904607 0.273156
11.8143 0.890396 0.22749
11.3664 0.856636 0.179064
10.639 0.80182 0.130355
8.96227 0.67545 -0.20396
8.493 0.640082 -0.223028
8.40246 0.633259 -0.250086
8.51117 0.641452 -0.283146
12.0586 0.94903 0.316742
11.8702 0.934207 0.270206
11.4724 0.902898 0.220962
11.2239 0.88334 0.176865
10.9653 0.862986 0.134386
8.87028 0.698106 -0.201918
8.52072 0.670595 -0.223813
8.55975 0.673667 -0.254832
8.51896 0.670457 -0.283477
12.1361 0.995636 0.276332
11.2501 0.922951 0.216739
11.0615 0.907474 0.174352
10.9524 0.898525 0.134264
9.10705 0.747136 -0.207363
8.68783 0.712742 -0.228263
8.55747 0.702048 -0.254832
8.53661 0.700337 -0.28414
11.4164 0.974713 0.220003
11.1182 0.949255 0.175295
11.3578 0.969716 0.139273
8.88603 0.758677 -0.171241
8.95511 0.764575 -0.20396
8.53601 0.728793 -0.224337
8.34595 0.712566 -0.248602
8.48445 0.724391 -0.282483
12.3883 1.09691 0.282231
11.8415 1.04849 0.228257
11.2645 0.997407 0.177651
11.0161 0.975407 0.135119
9.18238 0.813044 -0.177
9.03233 0.799758 -0.205775
8.66313 0.767068 -0.22774
8.56271 0.758177 -0.255129
8.14364 0.721071 -0.27121
12.6922 1.16625 0.333757
11.5293 1.05939 0.222306
11.2811 1.03659 0.177965
10.9431 1.00553 0.134264
9.09998 0.836171 -0.175464
9.05949 0.832451 -0.206456
8.82976 0.811341 -0.23219
8.45066 0.776507 -0.251866
8.33031 0.765448 -0.277509
12.7977 1.21875 0.336636
12.2415 1.16578 0.279054
11.2669 1.07298 0.217315
11.407 1.08631 0.180007
10.7904 1.02759 0.132432
8.97772 0.854968 -0.173161
8.86759 0.84448 -0.202145
8.71756 0.830192 -0.22931
8.66695 0.825373 -0.258392
8.13868 0.775065 -0.27121
12.4155 1.22392 0.326689
11.9589 1.17891 0.272702
11.4325 1.12701 0.220578
10.7969 1.06435 0.132554
8.79574 0.86708 -0.169705
8.7155 0.85917 -0.198742
8.84409 0.871846 -0.232713
8.15685 0.804099 -0.243263
8.34494 0.82264 -0.278173
11.2888 1.14866 0.257501
11.4786 1.16798 0.221538
10.6542 1.08409 0.130843
8.94217 0.90989 -0.172585
8.84206 0.899703 -0.201691
8.67223 0.882423 -0.228263
8.562 0.871206 -0.255426
8.39203 0.853911 -0.27983
12.0694 1.26854 0.317789
10.4715 1.1006 0.128644
9.06837 0.953124 -0.17508
8.76943 0.921704 -0.200103
8.7985 0.92476 -0.231666
8.57895 0.901684 -0.256019
8.22017 0.863975 -0.274194
12.255 1.32915 0.279735
10.6567 1.15581 0.130966
9.09498 0.986424 -0.175656
8.76632 0.950779 -0.200103
8.06989 0.875246 -0.212557
8.34735 0.905338 -0.249196
8.42592 0.91386 -0.281156
11.695 1.30767 0.225954
11.0696 1.23775 0.17498
10.9211 1.22114 0.134264
9.09166 1.01658 -0.175656
8.78299 0.982066 -0.200557
8.64316 0.966431 -0.22774
8.43371 0.943011 -0.251866
8.05534 0.900704 -0.268889
10.7186 1.2326 0.131821
8.98909 1.03371 -0.173736
9.03809 1.03935 -0.206456
8.78904 1.01071 -0.231666
8.29168 0.953515 -0.247713
7.87375 0.905454 -0.262921
12.1907 1.44286 0.321453
8.92604 1.05647 -0.172585
8.75661 1.03641 -0.200103
8.29921 0.982276 -0.218839
8.57634 1.01508 -0.256316
7.6325 0.903366 -0.254964
11.2059 1.364 0.177337
9.13091 1.11143 -0.176616
8.92183 1.08598 -0.20396
8.62337 1.04965 -0.227478
8.43401 1.0266 -0.252162
8.74064 1.06393 -0.292098
11.6371 1.45567 0.225186
11.1319 1.39247 0.176237
8.90892 1.1144 -0.172393
8.69994 1.08826 -0.198969
8.41154 1.05219 -0.221981
8.46031 1.05829 -0.253052
8.16187 1.02095 -0.272868
12.5043 1.60406 0.286087
11.9598 1.5342 0.231521
11.3952 1.46178 0.180478
11.009 1.41223 0.135608
8.83595 1.13348 -0.171049
8.78573 1.12704 -0.201011
8.3487 1.07097 -0.22041
8.58583 1.10139 -0.256909
8.42628 1.08093 -0.28182
12.0628 1.5881 0.276105
11.8456 1.5595 0.229409
11.0929 1.46041 0.175766
10.6672 1.40436 0.131454
9.06014 1.19279 -0.175464
8.71256 1.14703 -0.199423
8.58297 1.12997 -0.226692
8.50285 1.11942 -0.254536
8.2542 1.08669 -0.276183
12.1268 1.63745 0.277693
11.8304 1.59744 0.229217
11.5438 1.55873 0.182991
11.2174 1.51465 0.138296
8.98677 1.21346 -0.17412
8.80778 1.18929 -0.201691
8.71787 1.17715 -0.230357
8.07315 1.0901 -0.241779
8.00293 1.08062 -0.267894
11.844 1.63928 0.271341
11.4289 1.58183 0.221538
11.5287 1.59563 0.182834
10.7864 1.49289 0.133042
9.02231 1.24874 -0.174888
8.82359 1.22124 -0.202145
8.81294 1.21976 -0.232975
8.42593 1.1662 -0.252459
8.12801 1.12496 -0.272205
11.6516 1.64997 0.225954
11.0682 1.56736 0.175609
10.9301 1.5478 0.134875
8.90945 1.26166 -0.172777
8.79992 1.24615 -0.201691
8.62101 1.22081 -0.228001
8.69934 1.2319 -0.260766
7.70881 1.09164 -0.258279
11.942 1.73151 0.273836
11.4679 1.66277 0.222498
10.9046 1.58109 0.173096
11.1031 1.60987 0.137074
8.7568 1.26968 -0.169897
8.78584 1.27389 -0.201464
8.61691 1.24939 -0.228001
8.12146 1.17756 -0.243559
8.00188 1.16022 -0.268226
11.9362 1.7711 0.273836
11.4624 1.70079 0.222498
10.8993 1.61725 0.173096
11.0977 1.64668 0.137074
8.75254 1.29871 -0.169897
8.78157 1.30301 -0.201464
8.61272 1.27796 -0.228001
8.11751 1.20448 -0.243559
7.99799 1.18675 -0.268226
11.1311 1.68939 0.176865
11.0032 1.66997 0.135974
9.02497 1.36973 -0.175272
8.7772 1.33213 -0.201464
8.5689 1.30051 -0.226954
8.42971 1.27939 -0.253052
8.2114 1.24626 -0.27552
11.0665 1.71516 0.175923
10.5334 1.63255 0.130233
9.02062 1.39808 -0.175272
8.93104 1.38419 -0.205094
8.85125 1.37183 -0.234546
8.317 1.28903 -0.249789
8.36547 1.29654 -0.280825
11.4946 1.82056 0.223458
11.3576 1.79886 0.140495
9.27268 1.46865 -0.180264
8.5808 1.35907 -0.197154
8.58994 1.36051 -0.22774
8.4114 1.33224 -0.252756
8.09459 1.28206 -0.271873
11.5674 1.87144 0.224994
10.8081 1.7486 0.171996
10.9962 1.77902 0.136097
9.09998 1.47224 -0.177
8.62559 1.3955 -0.198288
8.66433 1.40176 -0.229834
8.30826 1.34416 -0.249789
7.75484 1.25462 -0.2606
11.8858 1.96342 0.273383
11.4921 1.89839 0.22365
11.0292 1.82191 0.175609
11.0988 1.83341 0.137441
8.90762 1.47145 -0.173353
8.94642 1.47786 -0.205775
8.65963 1.43049 -0.229834
8.19528 1.35378 -0.246526
8.1648 1.34875 -0.274525
11.7613 1.98083 0.27066
10.5901 1.78357 0.13121
9.17957 1.54602 -0.146236
9.0114 1.51769 -0.175464
8.99103 1.51426 -0.206909
8.79311 1.48093 -0.233499
8.23041 1.38616 -0.247713
8.30836 1.39929 -0.279499
11.1945 1.92357 0.178436
9.12457 1.56789 -0.177768
8.88743 1.52714 -0.204641
8.94578 1.53717 -0.237687
8.20607 1.41006 -0.247119
8.05742 1.38452 -0.27121
10.932 1.91581 0.174352
11.2674 1.97459 0.139762
10.4503 1.83139 0.0925888
8.79433 1.54118 -0.171433
8.7346 1.53072 -0.201238
8.57631 1.50298 -0.228001
8.65424 1.51663 -0.260766
8.15123 1.42848 -0.274525
12.6858 2.26654 0.29244
10.8966 1.94687 0.135241
10.454 1.8678 0.0926761
8.92696 1.59496 -0.17412
8.90663 1.59132 -0.205321
8.54176 1.52613 -0.227216
8.45237 1.51016 -0.254832
8.3137 1.48539 -0.280162
14.6415 2.66346 0.49368
10.92 1.98646 0.135608
10.3989 1.89168 0.0922398
8.93175 1.62478 -0.174312
8.86224 1.61214 -0.204414
8.67462 1.57801 -0.230881
8.40825 1.52955 -0.253646
8.26966 1.50434 -0.278836
10.3234 1.91333 0.128278
10.7466 1.99176 0.0953813
8.87716 1.64528 -0.173353
9.25005 1.71439 -0.213489
8.64968 1.60312 -0.230357
8.54072 1.58293 -0.257799
7.72413 1.43158 -0.2606
13.4661 2.54202 0.406724
10.9852 2.07368 0.136585
10.7596 2.03109 0.0955558
9.1473 1.72675 -0.146236
9.20569 1.73777 -0.17988
8.871 1.67459 -0.204868
8.69343 1.64107 -0.231666
8.67294 1.6372 -0.261952
8.397 1.58511 -0.283477
10.7818 2.07235 0.134142
10.6153 2.04034 0.0943341
9.10225 1.74952 -0.145607
8.96423 1.72299 -0.175272
8.89485 1.70966 -0.205548
8.78611 1.68876 -0.234284
8.45151 1.62445 -0.255426
8.21503 1.57899 -0.277509
10.7556 2.10238 0.133898
10.177 1.98927 0.0904944
9.37147 1.83182 -0.150005
9.3709 1.8317 -0.183335
9.07586 1.77403 -0.209859
8.55511 1.67224 -0.228263
8.57389 1.67592 -0.259282
8.21984 1.60671 -0.277841
11.8849 2.36406 0.232673
11.4345 2.27447 0.183148
11.3665 2.26093 0.141594
10.9746 2.18298 0.0976502
9.24766 1.83947 -0.14812
9.04117 1.7984 -0.177
8.72674 1.73586 -0.201918
8.43186 1.6772 -0.225122
8.20556 1.63219 -0.248306
7.83217 1.55791 -0.26491
11.9064 2.40941 0.233249
11.5347 2.33419 0.184876
11.0747 2.24109 0.138051
10.2028 2.06466 0.0908435
8.75151 1.77097 -0.140267
8.99596 1.82044 -0.176232
8.63275 1.74694 -0.199876
8.79858 1.7805 -0.235069
8.5234 1.72481 -0.258096
8.12084 1.64335 -0.274857
11.3311 2.33212 0.181735
10.4404 2.1488 0.130233
10.3526 2.13073 0.0922398
9.07857 1.86852 -0.145607
8.88215 1.82809 -0.17412
8.87171 1.82594 -0.205548
8.57722 1.76533 -0.22931
8.31204 1.71075 -0.251866
8.3405 1.71661 -0.282483
10.9719 2.29414 0.136952
10.571 2.21032 0.0942469
9.16073 1.91545 -0.147021
8.80786 1.84166 -0.172777
8.80722 1.84153 -0.204187
8.82604 1.84546 -0.236116
8.42403 1.76141 -0.255426
8.0807 1.68962 -0.273862
11.463 2.43654 0.143182
10.7103 2.27655 0.0955558
9.17389 1.94997 -0.147335
8.76259 1.86255 -0.172009
8.76195 1.86241 -0.203279
8.45808 1.79782 -0.226431
8.5648 1.8205 -0.259876
8.39767 1.78498 -0.284804
10.7512 2.32252 0.134386
10.732 2.31838 0.0958176
9.00123 1.94449 -0.144665
8.71727 1.88315 -0.171241
8.75572 1.89145 -0.203279
8.45207 1.82586 -0.226431
8.55872 1.8489 -0.259876
8.3917 1.81282 -0.284804
10.7434 2.35816 0.134386
10.7243 2.35396 0.0958176
8.99473 1.97433 -0.144665
8.71098 1.91205 -0.171241
8.93494 1.9612 -0.20759
8.47526 1.86031 -0.227216
8.24012 1.80869 -0.250382
7.91706 1.73778 -0.268889
10.9604 2.44191 0.137196
10.424 2.3224 0.0931997
9.06656 2.01997 -0.145921
8.90011 1.98289 -0.17508
8.84091 1.9697 -0.205548
8.44986 1.88257 -0.226692
8.15634 1.81718 -0.248009
8.02863 1.78873 -0.272868
11.7417 2.65687 0.189117
10.7182 2.42528 0.134264
10.387 2.35034 0.0929379
9.89971 2.24008 -0.0177145
9.06956 2.05223 -0.146079
9.08852 2.05652 -0.17892
8.84408 2.00121 -0.205775
8.40457 1.90176 -0.225645
8.55974 1.93687 -0.260469
8.50031 1.92342 -0.289114
11.5087 2.64429 0.185504
10.866 2.49664 0.136219
10.4181 2.39373 0.0932869
9.92146 2.27961 -0.0177668
9.09194 2.08901 -0.14655
8.55546 1.96575 -0.168553
8.47688 1.94769 -0.197381
8.59307 1.97439 -0.230881
8.38766 1.92719 -0.255426
8.15296 1.87327 -0.277509
11.6744 2.72316 0.230177
11.1396 2.5984 0.179693
10.8869 2.53947 0.136585
10.3128 2.40555 0.0924143
9.9528 2.32158 -0.0178366
9.13365 2.13051 -0.147335
9.02599 2.1054 -0.17796
8.70404 2.0303 -0.202826
8.52807 1.98925 -0.22931
8.55644 1.99587 -0.260766
8.24404 1.923 -0.280825
10.8789 2.57366 0.136585
10.4511 2.47246 0.0937233
9.0588 2.14308 -0.146236
9.21393 2.17978 -0.181799
8.73654 2.06684 -0.203733
8.44395 1.99762 -0.227216
8.34585 1.97441 -0.254536
8.07261 1.90977 -0.275189
11.2969 2.71214 0.223074
11.4628 2.75198 0.18519
10.5689 2.53736 0.132798
11.0068 2.6425 0.0987847
9.10026 2.18478 -0.147021
9.01221 2.16364 -0.17796
8.8074 2.11447 -0.205548
8.70945 2.09095 -0.234546
8.33926 2.00208 -0.254536
8.56187 2.05552 -0.292098
11.0456 2.69059 0.178593
11.0364 2.68835 0.138784
10.5705 2.57486 0.094945
9.22897 2.24807 -0.14922
8.83013 2.15092 -0.174504
8.86834 2.16023 -0.207136
8.68304 2.11509 -0.234022
8.48796 2.06757 -0.259282
7.91411 1.92779 -0.270215
11.6863 2.88773 0.231137
10.9493 2.70562 0.177179
11.1634 2.75852 0.140495
10.591 2.61709 0.0952068
9.50412 2.34851 -0.0170862
8.71671 2.15394 -0.141052
9.10443 2.24975 -0.180072
8.47291 2.09369 -0.198061
8.56923 2.1175 -0.231143
8.43254 2.08372 -0.257799
8.45102 2.08829 -0.288782
11.1735 2.7983 0.180949
10.5921 2.65268 0.133409
10.738 2.68922 0.096603
9.84591 2.46582 -0.0177145
8.7099 2.18131 -0.141052
9.00033 2.25405 -0.178152
8.56326 2.14459 -0.20033
8.23283 2.06184 -0.222242
8.41626 2.10777 -0.257502
7.91119 1.98128 -0.270547
10.777 2.73702 0.135852
10.6127 2.69528 0.0955558
9.75045 2.4763 -0.0175574
9.10965 2.31356 -0.147649
8.87652 2.25435 -0.175848
8.82742 2.24188 -0.206683
8.30346 2.10881 -0.224337
8.20577 2.084 -0.251272
8.02082 2.03703 -0.274525
10.7292 2.76277 0.135364
10.2163 2.63071 0.0920652
9.90681 2.55101 -0.0178541
9.07288 2.33627 -0.147178
8.61725 2.21895 -0.170857
8.79089 2.26366 -0.206002
8.62557 2.22109 -0.233237
8.40209 2.16354 -0.257502
8.1592 2.101 -0.279499
10.72 2.79833 0.135364
10.2075 2.66458 0.0920652
9.8983 2.58385 -0.0178541
9.06508 2.36635 -0.147178
8.60985 2.24751 -0.170857
8.78334 2.2928 -0.206002
8.61816 2.24968 -0.233237
8.39487 2.1914 -0.257502
8.15219 2.12805 -0.279499
10.7691 2.84733 0.136097
10.8372 2.86533 0.0978248
9.75478 2.57915 -0.0176097
8.9416 2.36414 -0.145293
8.97005 2.37167 -0.178152
8.97906 2.37405 -0.210766
8.64004 2.28441 -0.234022
8.31064 2.19732 -0.255129
8.19378 2.16642 -0.281156
11.4352 3.06404 0.185976
10.8176 2.89856 0.13683
10.6827 2.86243 0.0965158
9.77515 2.61924 -0.0176621
9.6881 2.59592 -0.0525176
9.1655 2.45589 -0.149063
9.107 2.44021 -0.181031
8.9132 2.38828 -0.209405
8.61311 2.30787 -0.233499
8.23572 2.20675 -0.253052
8.27343 2.21686 -0.28414
10.21 2.77207 0.092327
9.5927 2.60448 -0.017348
9.62154 2.61231 -0.0522034
9.28321 2.52045 -0.117527
9.4275 2.55963 -0.153461
8.87694 2.41015 -0.176616
8.91488 2.42045 -0.209632
8.45105 2.29452 -0.22931
8.18977 2.22358 -0.251866
8.2371 2.23643 -0.283146
11.3567 3.1239 0.185033
11.203 3.08162 0.141961
10.3261 2.84039 0.0934615
10.0083 2.75298 -0.0181159
9.80566 2.69725 -0.0532506
9.40977 2.58835 -0.119237
9.31291 2.56171 -0.151733
8.97494 2.46874 -0.178728
8.80077 2.42083 -0.207136
8.82894 2.42858 -0.239781
8.45221 2.32495 -0.260172
8.66328 2.38301 -0.298066
10.4231 2.90233 0.0944214
9.89359 2.7549 -0.0179239
9.22877 2.56977 -0.0501614
9.60388 2.67423 -0.121803
9.27592 2.5829 -0.151262
9.00566 2.50765 -0.179496
8.84128 2.46188 -0.208271
8.5131 2.37049 -0.231404
8.53152 2.37563 -0.262842
8.11658 2.26008 -0.279499
11.4229 3.2216 0.186447
10.115 2.85273 0.0917162
9.86515 2.78226 -0.017889
9.68217 2.73065 -0.0526747
9.09452 2.56492 -0.11545
9.20956 2.59736 -0.15032
8.86258 2.49951 -0.176808
9.08324 2.56174 -0.214169
8.63988 2.4367 -0.235069
8.68715 2.45003 -0.267885
7.99361 2.25443 -0.27552
10.8262 3.09211 0.137563
10.5863 3.02357 0.0960794
9.80779 2.80123 -0.0178017
9.65383 2.75725 -0.0525699
9.65324 2.75708 -0.122658
8.999 2.57022 -0.147021
9.07536 2.59203 -0.181223
8.7863 2.50948 -0.207363
8.46835 2.41867 -0.230619
8.40025 2.39921 -0.259282
8.07258 2.30563 -0.278504
11.3149 3.27229 0.185033
10.7967 3.12244 0.137318
10.9124 3.15589 0.0991337
9.97136 2.88374 -0.0181159
9.51014 2.75036 -0.0518369
9.21179 2.66407 -0.11716
8.96161 2.59172 -0.14655
9.0475 2.61656 -0.18084
8.86437 2.5636 -0.209405
8.35465 2.41619 -0.22774
8.06577 2.33264 -0.249196
7.94968 2.29907 -0.274525
11.3045 3.30782 0.185033
10.7869 3.15634 0.137318
10.9024 3.19016 0.0991337
9.96225 2.91506 -0.0181159
9.50146 2.78022 -0.0518369
9.20338 2.693 -0.11716
8.95342 2.61986 -0.14655
9.03924 2.64497 -0.18084
8.85627 2.59143 -0.209405
8.34702 2.44242 -0.22774
8.0584 2.35797 -0.249196
7.94241 2.32403 -0.274525
11.0634 3.27713 0.181263
10.2114 3.02476 0.0185874
9.91418 2.93671 -0.0180461
9.47301 2.80603 -0.0517322
9.30944 2.75758 -0.118626
8.64749 2.5615 -0.14168
8.99207 2.66357 -0.180072
8.68467 2.57252 -0.205548
8.65518 2.56378 -0.236378
8.52016 2.52379 -0.263732
7.94425 2.35319 -0.274857
11.5122 3.45164 0.188803
10.871 3.2594 0.138662
10.7469 3.22219 0.097912
9.90439 2.96957 0.0180464
9.78944 2.93511 -0.0178366
9.31997 2.79435 -0.0509468
9.30983 2.79131 -0.118748
9.17529 2.75097 -0.150477
8.72461 2.61585 -0.174888
8.81974 2.64437 -0.208951
8.46469 2.53792 -0.231404
7.91812 2.37404 -0.245339
8.3672 2.50869 -0.289777
11.2137 3.4027 0.184091
10.6497 3.23156 0.135974
10.497 3.18522 0.0957304
9.98049 3.0285 0.0546111
9.71267 2.94723 0.0177148
9.91362 3.00821 -0.018081
9.55945 2.90074 -0.0523081
9.43448 2.86282 -0.120459
8.96519 2.72041 -0.147178
8.9168 2.70573 -0.17892
8.85875 2.68812 -0.210086
8.7719 2.66176 -0.240043
8.52236 2.58604 -0.264326
8.06236 2.44646 -0.279499
10.4582 3.20938 0.0954686
10.21 3.13322 0.0186398
10.0858 3.09508 -0.0184126
9.65545 2.96303 -0.0528841
9.22469 2.83084 -0.117893
8.87057 2.72217 -0.145764
8.87959 2.72493 -0.178344
8.82159 2.70714 -0.209405
8.64882 2.65412 -0.236902
8.45686 2.59521 -0.262546
8.32217 2.55387 -0.288782
10.8477 3.3683 0.178436
10.3138 3.20253 0.0942469
10.2473 3.18189 0.0187271
9.79849 3.04251 -0.0179064
9.71242 3.01579 -0.0532506
9.06246 2.81397 -0.115938
8.79465 2.73081 -0.144665
8.8896 2.76029 -0.178728
8.92714 2.77195 -0.212128
8.33447 2.58792 -0.228525
8.63913 2.68252 -0.268479
8.1323 2.52515 -0.282483
11.4272 3.58983 0.229985
11.3897 3.57806 0.187546
10.6939 3.35946 0.136952
10.6275 3.33861 0.0972139
10.2463 3.21885 0.0187445
9.59754 3.01505 -0.0175574
9.51156 2.98804 -0.0522034
8.90045 2.79606 -0.113984
8.8237 2.77195 -0.145293
8.91855 2.80174 -0.179496
8.6413 2.71465 -0.205548
8.46889 2.66049 -0.232451
8.42992 2.64824 -0.262249
8.17155 2.56708 -0.28414
10.5592 3.35566 0.0966903
10.2165 3.24675 0.0187096
9.91152 3.14983 -0.0181508
9.14898 2.9075 -0.0502661
9.1389 2.9043 -0.11716
8.62388 2.74063 -0.142152
9.06167 2.87975 -0.182567
8.75611 2.78265 -0.208498
8.37428 2.66131 -0.230096
8.38299 2.66407 -0.261062
7.93439 2.52151 -0.276183
10.5486 3.38882 0.0966903
10.2062 3.27883 0.0187096
9.90158 3.18095 -0.0181508
9.1398 2.93623 -0.0502661
9.12973 2.93299 -0.11716
8.61522 2.76771 -0.142152
9.05257 2.90821 -0.182567
8.74733 2.81014 -0.208498
8.36588 2.6876 -0.230096
8.37458 2.6904 -0.261062
7.92643 2.54643 -0.276183
10.8698 3.5318 0.13964
10.2425 3.32799 0.0939851
10.2238 3.32193 0.018762
9.87195 3.20759 -0.0181159
9.63407 3.1303 -0.0530412
9.2626 3.0096 -0.118993
9.10049 2.95693 -0.15032
8.69106 2.82389 -0.175464
8.93763 2.90401 -0.213262
8.59461 2.79256 -0.23664
8.78389 2.85406 -0.274115
8.07003 2.62211 -0.281488
11.105 3.64898 0.142816
10.2789 3.37754 0.0944214
9.75676 3.20597 0.0179242
9.59525 3.1529 -0.0176272
9.34813 3.0717 -0.0515227
9.04358 2.97163 -0.116305
8.83416 2.90281 -0.146079
8.71014 2.86206 -0.17604
8.49105 2.79007 -0.202826
8.42385 2.76799 -0.23219
8.26159 2.71468 -0.258096
8.13725 2.67382 -0.28414
10.8651 3.61012 0.139884
10.5903 3.51881 0.0973884
10.3724 3.44642 0.0190761
9.70811 3.2257 -0.0178541
9.68902 3.21935 -0.0534601
9.16652 3.04574 -0.118015
9.2325 3.06766 -0.152833
8.75753 2.90985 -0.177192
8.60509 2.8592 -0.205775
8.62333 2.86526 -0.237949
8.27152 2.74836 -0.258689
8.03349 2.66927 -0.280825
9.59365 3.22117 0.0176624
9.71689 3.26254 -0.017889
9.5177 3.19566 -0.0525699
9.27066 3.11272 -0.119481
8.88158 2.98208 -0.147178
9.0706 3.04555 -0.183719
8.81405 2.95941 -0.210993
8.5669 2.87642 -0.23664
8.16808 2.74252 -0.255722
8.05349 2.70404 -0.28182
10.8037 3.66735 0.139395
10.7662 3.65463 0.099221
9.66814 3.28189 0.0178195
10.2268 3.47154 -0.0188489
9.61121 3.26257 -0.0531459
9.36444 3.1788 -0.120825
9.2409 3.13686 -0.153304
8.77643 2.97919 -0.17796
9.01245 3.05932 -0.215984
8.49105 2.88232 -0.234807
8.16841 2.7728 -0.256019
8.12966 2.75965 -0.284804
10.7725 3.69667 0.139151
10.3189 3.54101 0.0952068
9.83692 3.3756 0.0181511
9.86529 3.38534 -0.0182031
9.49629 3.25872 -0.0525699
9.06065 3.10922 -0.117038
9.11696 3.12854 -0.151419
8.93672 3.06669 -0.181415
8.62401 2.95939 -0.206909
8.53818 2.92993 -0.236378
8.34826 2.86476 -0.261952
7.88413 2.70549 -0.276515
10.7602 3.73237 0.139151
10.3071 3.57521 0.0952068
9.82567 3.40821 0.0181511
9.85401 3.41804 -0.0182031
9.48544 3.29019 -0.0525699
9.05029 3.13925 -0.117038
9.10653 3.15876 -0.151419
8.9265 3.09631 -0.181415
8.61415 2.98797 -0.206909
8.52842 2.95823 -0.236378
8.33871 2.89243 -0.261952
7.87511 2.73162 -0.276515
10.3053 3.61088 0.0952941
9.81491 3.43906 0.0181511
9.97535 3.49527 -0.0184475
9.32406 3.26707 -0.0517322
8.97433 3.14452 -0.116183
8.7946 3.08155 -0.146393
8.68084 3.04169 -0.176616
8.52924 2.98857 -0.205094
8.3587 2.92881 -0.231928
8.55598 2.99794 -0.269072
7.71558 2.70347 -0.27121
10.6986 3.78856 0.0990465
9.66206 3.42151 0.0178893
9.71862 3.44154 -0.0179937
9.46399 3.35138 -0.0525699
8.97328 3.1776 -0.116305
9.04824 3.20415 -0.150791
8.97229 3.17726 -0.182759
8.56641 3.03352 -0.206229
8.6976 3.07998 -0.241613
8.42351 2.98292 -0.265216
8.42258 2.98259 -0.296408
9.94254 3.55799 0.0184304
9.75423 3.4906 -0.018081
9.57522 3.42654 -0.0532506
9.09449 3.25451 -0.118015
9.03757 3.23414 -0.150791
8.87699 3.17667 -0.181031
8.44335 3.02149 -0.203506
8.7344 3.12565 -0.242922
8.57356 3.06809 -0.270259
8.05506 2.88254 -0.283809
10.5322 3.80843 0.0977375
10.0059 3.61814 0.01857
9.90247 3.58073 -0.0183777
9.34752 3.38006 -0.0520463
9.14948 3.30845 -0.11887
8.98918 3.25049 -0.150162
8.83819 3.19589 -0.180456
8.59311 3.10727 -0.207363
8.60177 3.1104 -0.239519
8.29074 2.99793 -0.261656
7.44393 2.69173 -0.26259
10.5953 3.86894 0.0984356
10.0884 3.68386 0.0187445
9.89117 3.61183 -0.0183777
9.31806 3.40255 -0.0519416
9.01693 3.29259 -0.117282
8.97892 3.27871 -0.150162
8.98777 3.28194 -0.183719
8.64904 3.15825 -0.208951
8.40416 3.06883 -0.234284
8.06533 2.94511 -0.254832
7.66075 2.79737 -0.270547
10.5824 3.90405 0.0984356
10.0762 3.71729 0.0187445
9.87914 3.64461 -0.0183777
9.30673 3.43343 -0.0519416
9.00597 3.32248 -0.117282
8.968 3.30847 -0.150162
8.97684 3.31173 -0.183719
8.63852 3.18692 -0.208951
8.39394 3.09669 -0.234284
8.05552 2.97184 -0.254832
7.65143 2.82276 -0.270547
10.6631 3.97404 0.0993083
10.0355 3.74016 0.0560772
9.79204 3.64941 0.0182384
9.71707 3.62147 -0.0180984
9.46396 3.52714 -0.0528841
9.41653 3.50946 -0.12278
8.99446 3.35216 -0.150791
9.04075 3.36941 -0.185255
8.76842 3.26792 -0.212354
8.19628 3.05468 -0.229048
8.12991 3.02995 -0.257502
8.12902 3.02962 -0.287788
10.5188 3.96006 0.0980866
10.1167 3.80865 0.0566008
9.98577 3.75937 0.0186223
9.6395 3.62901 -0.0179762
9.5458 3.59373 -0.0534077
9.46099 3.56181 -0.123513
9.33888 3.51584 -0.15676
8.87982 3.34301 -0.182183
8.81368 3.31811 -0.213716
8.42935 3.17342 -0.235854
8.17595 3.07802 -0.259282
8.14699 3.06712 -0.288782
10.5811 4.0215 0.0987847
10.1981 3.87594 0.0571243
10.0861 3.83336 0.0188318
9.74957 3.70546 -0.0182031
9.35686 3.55621 -0.0524129
9.40302 3.57375 -0.122902
8.92589 3.39241 -0.150005
9.13096 3.47035 -0.187559
8.36398 3.17885 -0.203053
8.51278 3.2354 -0.238472
8.53064 3.24219 -0.270852
8.5297 3.24183 -0.302707
10.6331 4.08166 0.0993955
9.8118 3.7664 0.05503
9.92394 3.80945 0.0185525
9.29845 3.56934 -0.0173829
9.30767 3.57288 -0.0522034
9.13907 3.50816 -0.119603
8.97993 3.44707 -0.151105
8.83938 3.39312 -0.181799
8.76406 3.36421 -0.213035
8.35268 3.20629 -0.234284
8.25855 3.17016 -0.262546
8.25764 3.16981 -0.293424
10.1442 3.93265 0.0569673
9.62222 3.73028 -0.0180112
9.41698 3.65071 -0.0528841
9.3325 3.61796 -0.122291
8.88455 3.44431 -0.149691
8.82808 3.42241 -0.181799
8.75286 3.39325 -0.213035
8.342 3.23397 -0.234284
8.24799 3.19753 -0.262546
8.24709 3.19718 -0.293424
10.8754 4.25765 0.142694
10.1311 3.96627 0.0569673
9.60979 3.76217 -0.0180112
9.40482 3.68192 -0.0528841
9.32045 3.64889 -0.122291
8.87308 3.47375 -0.149691
8.86323 3.46989 -0.182759
8.66708 3.3931 -0.21122
8.32192 3.25798 -0.234022
8.29319 3.24673 -0.264326
8.29228 3.24637 -0.295413
10.7876 4.2624 0.141716
10.5183 4.15599 0.0986974
10.1744 4.02013 0.0572814
9.69093 3.82909 0.018186
9.57933 3.78499 -0.0179762
9.71871 3.84006 -0.0547167
9.16014 3.61936 -0.120337
8.54595 3.37668 -0.144351
9.18704 3.62999 -0.18967
8.5541 3.3799 -0.208724
8.23727 3.25472 -0.231928
8.13421 3.21399 -0.259579
8.13332 3.21364 -0.290108
9.59459 3.82785 0.0180289
9.64103 3.84638 -0.0181159
9.53874 3.80557 -0.0537742
8.87876 3.54226 -0.116794
8.97119 3.57914 -0.151733
8.85921 3.53447 -0.183143
8.77499 3.50087 -0.214396
8.38428 3.34499 -0.236378
7.97496 3.18169 -0.254832
7.97409 3.18134 -0.284804
10.0271 4.03899 0.0188667
9.80446 3.94932 -0.0184475
9.71158 3.91191 -0.0548214
9.12666 3.6763 -0.120214
8.85725 3.56778 -0.150005
8.73615 3.519 -0.18084
8.65205 3.48512 -0.211674
8.67913 3.49603 -0.245016
8.33523 3.3575 -0.266699
8.33432 3.35714 -0.298066
10.1896 4.1438 0.0191983
10.0599 4.09106 -0.0189536
9.12424 3.71054 -0.0515751
8.94769 3.63874 -0.118015
8.97504 3.64986 -0.152204
9.26161 3.7664 -0.191974
8.52006 3.46483 -0.208724
8.66749 3.52479 -0.245016
8.32405 3.38513 -0.266699
8.32314 3.38475 -0.298066
10.1766 4.17579 0.0191983
10.047 4.12264 -0.0189536
9.11254 3.73918 -0.0515751
8.93622 3.66683 -0.118015
8.96353 3.67804 -0.152204
9.24973 3.79548 -0.191974
8.50913 3.49158 -0.208724
8.05524 3.30534 -0.228001
8.05445 3.30501 -0.258392
8.24774 3.38433 -0.295745
9.66376 4.00286 -0.0182555
9.24791 3.83061 -0.0524129
9.43245 3.90705 -0.0890979
9.08106 3.7615 -0.120092
9.0529 3.74984 -0.153932
8.86761 3.67308 -0.184295
8.98703 3.72255 -0.220749
8.37672 3.46975 -0.237425
8.3759 3.46941 -0.269072
8.33805 3.45373 -0.299392
10.1024 4.22385 0.0573338
9.58586 4.00788 -0.0181333
9.22593 3.8574 -0.0523605
9.44712 3.94988 -0.0893597
8.97628 3.75302 -0.11887
9.02197 3.77212 -0.153618
8.88305 3.71404 -0.184871
8.66104 3.62121 -0.213035
8.26371 3.45509 -0.234546
8.26291 3.45475 -0.265809
8.02225 3.35414 -0.288451
9.30533 3.9269 -0.0176272
9.51712 4.01627 -0.0540884
9.44318 3.98507 -0.0894469
9.14804 3.86052 -0.121314
9.03705 3.81368 -0.154089
8.90753 3.75903 -0.185639
8.80556 3.71599 -0.216892
8.49167 3.58353 -0.241352
8.49084 3.58318 -0.273522
8.29654 3.50118 -0.298729
9.29295 3.95611 -0.0176272
9.50445 4.04615 -0.0540884
9.43062 4.01472 -0.0894469
9.13586 3.88924 -0.121314
9.02502 3.84205 -0.154089
8.89568 3.78699 -0.185639
8.79385 3.74364 -0.216892
8.48037 3.61019 -0.241352
8.47954 3.60984 -0.273522
8.2855 3.52723 -0.298729
10.2076 4.38554 0.0581715
9.7208 4.17638 -0.0184649
9.51855 4.08949 -0.0542455
9.20594 3.95518 -0.0874398
8.96673 3.85241 -0.119237
8.74581 3.7575 -0.149534
8.77284 3.76911 -0.183335
8.60686 3.6978 -0.212581
8.46835 3.63829 -0.241352
8.46753 3.63794 -0.273522
8.38395 3.60203 -0.302707
9.95461 4.316 0.0189365
9.71607 4.21257 -0.0184824
9.74347 4.22446 -0.0556068
8.96341 3.88625 -0.0852582
8.57777 3.71904 -0.114228
8.98099 3.89387 -0.153775
8.75112 3.7942 -0.183143
8.61289 3.73427 -0.213035
8.28198 3.5908 -0.236378
8.28117 3.59045 -0.267885
8.14272 3.53042 -0.294419
9.5463 4.17663 0.018186
10.0593 4.40109 -0.019163
9.46373 4.1405 -0.0540884
8.8497 3.87186 -0.0842983
9.03259 3.95188 -0.120459
8.82146 3.85951 -0.151262
8.84841 3.87129 -0.185447
8.70121 3.80689 -0.215531
8.30666 3.63427 -0.237425
8.30585 3.63392 -0.269072
8.15843 3.56942 -0.295413
9.56058 4.21871 0.0182384
9.67951 4.27119 -0.0184649
9.51472 4.19847 -0.0544549
9.32237 4.1136 -0.0889233
9.03843 3.98831 -0.120703
8.92822 3.93967 -0.153304
8.45202 3.72955 -0.177384
8.40567 3.70909 -0.208498
8.47812 3.74106 -0.24266
8.47729 3.7407 -0.275005
8.29348 3.65959 -0.300718
9.54653 4.25039 0.0182384
9.6653 4.30327 -0.0184649
9.50074 4.23 -0.0544549
9.30867 4.14449 -0.0889233
9.02516 4.01826 -0.120703
8.9151 3.96926 -0.153304
8.4396 3.75755 -0.177384
8.39332 3.73695 -0.208498
8.46566 3.76916 -0.24266
8.46484 3.76879 -0.275005
8.2813 3.68707 -0.300718
9.69658 4.35578 -0.0185522
9.09443 4.08529 -0.0522034
9.46819 4.25319 -0.0905814
9.08475 4.08094 -0.12168
8.67387 3.89637 -0.149377
8.45446 3.79781 -0.17796
8.63623 3.87946 -0.21485
8.10661 3.64155 -0.232713
8.10581 3.6412 -0.263732
8.12316 3.64899 -0.295413
10.1102 4.58192 0.0193728
9.591 4.34664 -0.0183777
9.70018 4.39612 -0.0557639
9.19901 4.16899 -0.088138
9.05295 4.10279 -0.121436
9.11626 4.13148 -0.157231
8.85161 4.01155 -0.186599
8.86007 4.01538 -0.220749
8.85932 4.01504 -0.254702
8.44876 3.82897 -0.275302
8.31129 3.76667 -0.302707
10.0865 4.60945 0.0580668
9.92292 4.53469 0.0190412
9.65916 4.41415 -0.0185347
9.63175 4.40163 -0.0554498
9.36777 4.28099 -0.0898833
9.02183 4.1229 -0.121192
8.66672 3.96062 -0.149691
8.69347 3.97284 -0.183527
8.54735 3.90607 -0.213262
8.54662 3.90573 -0.246063
8.4276 3.85134 -0.275005
8.25396 3.77199 -0.30105
10.0712 4.64287 0.0580668
9.90783 4.56757 0.0190412
9.64447 4.44616 -0.0185347
9.6171 4.43355 -0.0554498
9.35352 4.31203 -0.0898833
9.00811 4.15279 -0.121192
8.65354 3.98934 -0.149691
8.68025 4.00165 -0.183527
8.53435 3.93439 -0.213262
8.53362 3.93405 -0.246063
8.41478 3.87927 -0.275005
8.24141 3.79934 -0.30105
10.1192 4.70576 0.0584333
9.72941 4.5245 0.0187271
9.78382 4.5498 -0.0188314
9.01297 4.19133 -0.0520463
9.15783 4.25869 -0.088138
8.89455 4.13626 -0.119848
8.94852 4.16136 -0.155032
8.58534 3.99247 -0.181799
8.43967 3.92473 -0.21122
8.43895 3.92439 -0.243708
8.29311 3.85657 -0.271445
7.8572 3.65386 -0.287456
10.2936 4.82847 0.0595329
9.58761 4.49729 0.0184827
9.55139 4.4803 -0.0184126
9.44264 4.42928 -0.054612
9.04407 4.24233 -0.087178
9.32437 4.37381 -0.125834
8.8713 4.16129 -0.153932
8.71688 4.08885 -0.184871
8.56237 4.01638 -0.214623
8.56164 4.01604 -0.247634
8.17168 3.83311 -0.267885
8.15269 3.8242 -0.298729
10.3959 4.91636 0.0602136
9.69095 4.58296 0.0187096
9.73615 4.60434 -0.0187965
9.38347 4.43755 -0.0543502
9.14821 4.32629 -0.0883125
8.80438 4.16369 -0.118993
8.49663 4.01815 -0.147649
8.41476 3.97944 -0.178728
8.40511 3.97487 -0.210993
8.40439 3.97453 -0.243446
8.49393 4.01688 -0.278862
8.27616 3.91389 -0.303702
10.3796 4.95081 0.0602136
9.6757 4.61507 0.0187096
9.72083 4.6366 -0.0187965
9.36871 4.46864 -0.0543502
9.13381 4.35661 -0.0883125
8.79052 4.19287 -0.118993
8.48325 4.04631 -0.147649
8.40152 4.00732 -0.178728
8.39188 4.00272 -0.210993
8.39117 4.00238 -0.243446
8.48057 4.04502 -0.278862
8.26313 3.94131 -0.303702
10.1829 4.8985 0.0591664
9.79552 4.71216 0.0189714
9.64232 4.63846 -0.0186744
9.49802 4.56905 -0.055188
8.88503 4.27416 -0.0860436
9.14602 4.39971 -0.124002
8.86625 4.26513 -0.154561
8.73056 4.19986 -0.186023
8.40559 4.04353 -0.211674
8.40487 4.04319 -0.244231
8.2239 3.95613 -0.270852
8.15095 3.92103 -0.300055
9.80682 4.75771 -0.0190234
9.65376 4.68345 -0.0561828
9.4376 4.57858 -0.0915413
9.17636 4.45184 -0.124612
8.80708 4.27269 -0.153775
8.74357 4.24188 -0.186599
8.32917 4.04084 -0.210086
8.32846 4.04049 -0.242399
8.3906 4.07064 -0.276785
8.18286 3.96986 -0.301713
9.79183 4.78849 -0.0190234
9.639 4.71375 -0.0561828
9.42317 4.60821 -0.0915413
9.16233 4.48065 -0.124612
8.79361 4.30033 -0.153775
8.7302 4.26933 -0.186599
8.31644 4.06698 -0.210086
8.31573 4.06664 -0.242399
8.37777 4.09698 -0.276785
8.17035 3.99554 -0.301713
9.4889 4.67941 -0.0184649
9.04932 4.46263 -0.0528317
9.04013 4.4581 -0.0879634
9.13845 4.50659 -0.12449
8.86898 4.3737 -0.155346
8.7429 4.31152 -0.187175
8.75123 4.31563 -0.221429
8.75048 4.31526 -0.255487
8.38207 4.13358 -0.277379
7.87021 3.88116 -0.291103
9.53601 4.74202 -0.0185871
9.11484 4.53258 -0.0888361
9.19508 4.57248 -0.125468
8.62165 4.28733 -0.151262
8.5316 4.24255 -0.182951
8.4146 4.18437 -0.213262
8.41389 4.18401 -0.246063
8.55627 4.25482 -0.283609
8.14367 4.04964 -0.301713
9.61856 4.82292 0.0187794
9.52917 4.77809 -0.0186045
9.43966 4.73321 -0.0552927
8.99249 4.50899 -0.0877889
8.99216 4.50883 -0.122902
8.68783 4.35623 -0.152676
8.63367 4.32908 -0.185447
8.37387 4.19881 -0.212581
8.37316 4.19845 -0.245278
7.99706 4.00987 -0.265512
8.02298 4.02287 -0.297734
9.60336 4.85311 0.0187794
9.51411 4.80801 -0.0186045
9.42475 4.76285 -0.0552927
8.97828 4.53722 -0.0877889
8.97795 4.53706 -0.122902
8.6741 4.3835 -0.152676
8.62003 4.35618 -0.185447
8.36064 4.22509 -0.212581
8.35993 4.22473 -0.245278
7.98442 4.03497 -0.265512
8.01031 4.04805 -0.297734
9.72978 4.95757 -0.0190583
9.59601 4.88941 -0.0563923
9.02555 4.59875 -0.0883997
9.01631 4.59404 -0.123635
8.8466 4.50757 -0.155974
8.7748 4.47098 -0.189094
8.77416 4.47066 -0.223471
8.49729 4.32959 -0.249728
8.00662 4.07958 -0.266699
7.86326 4.00653 -0.292761
9.36627 4.81154 -0.0551356
9.05473 4.6515 -0.0888361
8.75199 4.49598 -0.120214
8.92054 4.58257 -0.157545
8.5287 4.38127 -0.184103
8.52807 4.38095 -0.217573
8.70518 4.47194 -0.256272
8.0464 4.13351 -0.268479
8.16109 4.19243 -0.304365
9.35026 4.84257 -0.0551356
9.03925 4.6815 -0.0888361
8.73703 4.52498 -0.120214
8.9053 4.61213 -0.157545
8.51412 4.40953 -0.184103
8.5135 4.40921 -0.217573
8.6903 4.50078 -0.256272
8.03265 4.16017 -0.268479
8.14714 4.21947 -0.304365
9.4149 4.91362 -0.0185347
9.09564 4.747 -0.0537219
9.03336 4.7145 -0.0889233
9.07736 4.73746 -0.125101
8.87304 4.63083 -0.157231
8.39386 4.38075 -0.181799
8.39325 4.38043 -0.21485
8.69385 4.53731 -0.256796
8.04612 4.19926 -0.269369
7.99208 4.17105 -0.29906
9.36316 4.92619 -0.0184649
9.15065 4.81439 -0.0541408
9.00883 4.73978 -0.0888361
8.95541 4.71167 -0.123635
8.80454 4.63229 -0.156288
8.68013 4.56684 -0.188327
8.67949 4.5665 -0.222564
8.23641 4.33339 -0.243708
7.82869 4.11888 -0.262546
7.78361 4.09516 -0.291766
9.27609 4.91973 -0.0183253
9.42616 4.99932 -0.0558686
9.22275 4.89144 -0.091105
9.16058 4.85847 -0.126689
8.76263 4.64741 -0.155817
8.6561 4.59091 -0.188135
8.65547 4.59058 -0.222337
8.69006 4.60892 -0.257581
8.20353 4.35088 -0.275599
8.09668 4.29421 -0.304034
9.25973 4.95047 -0.0183253
9.40953 5.03056 -0.0558686
9.20648 4.922 -0.091105
9.14441 4.88882 -0.126689
8.74717 4.67644 -0.155817
8.64083 4.61959 -0.188135
8.6402 4.61925 -0.222337
8.67473 4.63771 -0.257581
8.18906 4.37806 -0.275599
8.08239 4.32104 -0.304034
10.2917 5.54381 0.0612084
9.36738 5.04593 -0.0185696
9.49052 5.11226 -0.0564446
9.12934 4.9177 -0.0904941
9.03217 4.86536 -0.125345
8.78525 4.73235 -0.15676
8.45023 4.55188 -0.184295
8.44961 4.55155 -0.217799
8.63371 4.65072 -0.256796
8.16647 4.39903 -0.275302
8.27116 4.45542 -0.311659
10.4051 5.64948 0.0619938
9.79001 5.31554 0.0194426
9.23635 5.01493 -0.0183428
9.45594 5.13416 -0.0563399
9.13935 4.96226 -0.0907559
8.98084 4.8762 -0.124857
8.67285 4.70898 -0.155032
8.60203 4.67052 -0.187943
8.60141 4.67018 -0.22211
8.51282 4.62208 -0.253655
8.15183 4.42608 -0.275302
8.1158 4.40652 -0.306354
10.3863 5.68396 0.0619938
9.77233 5.34798 0.0194426
9.21967 5.04553 -0.0183428
9.43887 5.16549 -0.0563399
9.12284 4.99254 -0.0907559
8.96462 4.90595 -0.124857
8.65719 4.73771 -0.155032
8.5865 4.69902 -0.187943
8.58587 4.69868 -0.22211
8.49745 4.65029 -0.253655
8.13711 4.45309 -0.275302
8.10115 4.43341 -0.306354
10.2448 5.65075 0.0612608
9.68449 5.34171 -0.0193027
9.47422 5.22574 -0.0566541
9.15877 5.05174 -0.0912795
8.76443 4.83424 -0.122291
8.5889 4.73742 -0.154089
8.69344 4.79508 -0.19063
8.6928 4.79472 -0.225286
8.49073 4.68327 -0.253917
8.20107 4.5235 -0.277972
8.14766 4.49404 -0.308675
11.7983 6.55608 0.259165
10.9425 6.08053 0.196657
10.2444 5.69262 0.0613655
9.87745 5.48869 0.0197219
9.43165 5.24097 -0.0188314
9.41405 5.23119 -0.0563923
9.17782 5.09992 -0.0916286
8.9852 4.99288 -0.12559
8.65264 4.80809 -0.155503
8.64337 4.80294 -0.189862
8.64274 4.80259 -0.224379
8.44102 4.6905 -0.252869
8.15187 4.52982 -0.276785
7.73163 4.29631 -0.293424
11.7765 6.59517 0.259165
10.9223 6.11678 0.196657
10.2255 5.72656 0.0613655
9.85919 5.52141 0.0197219
9.41422 5.27221 -0.0188314
9.39665 5.26238 -0.0563923
9.16086 5.13033 -0.0916286
8.96859 5.02265 -0.12559
8.63664 4.83675 -0.155503
8.6274 4.83157 -0.189862
8.62677 4.83122 -0.224379
8.42542 4.71846 -0.252869
8.1368 4.55683 -0.276785
7.71734 4.32192 -0.293424
11.267 6.35899 0.248415
9.84917 5.55879 0.0986974
9.84941 5.55892 0.0592187
9.78857 5.52458 0.0196172
9.45764 5.33781 -0.0189536
9.31819 5.2591 -0.0560257
9.21346 5.2 -0.0923267
8.70806 4.91475 -0.122169
8.54219 4.82114 -0.154089
8.64615 4.87981 -0.19063
8.64552 4.87946 -0.225286
8.33138 4.70216 -0.250514
8.23481 4.64766 -0.280642
8.36447 4.72083 -0.318622
11.4283 6.50012 0.252446
10.1784 5.78917 0.102188
10.1786 5.78931 0.0613131
9.62243 5.47297 0.0193205
9.53551 5.42353 -0.0191456
9.43978 5.36908 -0.0568635
8.99625 5.11682 -0.0903196
8.96985 5.1018 -0.126078
8.66522 4.92853 -0.156602
8.63861 4.9134 -0.190822
8.63798 4.91304 -0.225513
8.31574 4.72976 -0.250514
8.22804 4.67988 -0.280939
8.2532 4.69419 -0.314975
11.4079 6.53599 0.252446
10.1601 5.82112 0.102188
10.1604 5.82126 0.0613131
9.60519 5.50317 0.0193205
9.51842 5.45346 -0.0191456
9.42286 5.39871 -0.0568635
8.98013 5.14505 -0.0903196
8.95378 5.12995 -0.126078
8.64969 4.95573 -0.156602
8.62314 4.94052 -0.190822
8.62251 4.94015 -0.225513
8.30084 4.75586 -0.250514
8.2133 4.70571 -0.280939
8.23842 4.7201 -0.314975
