x y z
8.82726 -4.79281 -0.33321
8.8431 -4.76351 -0.33321
9.29077 -4.96498 -0.349456
9.19255 -4.87542 -0.308825
8.97963 -4.7625 -0.337189
9.20867 -4.84491 -0.308825
8.99538 -4.7327 -0.337189
9.40283 -4.90732 -0.277738
9.09962 -4.74908 -0.340504
9.9006 -5.12541 -0.175137
9.54333 -4.94046 -0.281402
9.41813 -4.87564 -0.314758
9.91666 -5.09428 -0.175137
9.55881 -4.91045 -0.281402
9.4334 -4.84603 -0.314758
9.22676 -4.70127 -0.307341
9.77044 -4.93754 -0.248427
9.7696 -4.93712 -0.286638
9.23338 -4.66614 -0.307045
9.78676 -4.90512 -0.248427
9.78592 -4.9047 -0.286638
8.66416 -4.23703 -0.319948
8.67816 -4.20828 -0.319948
8.88216 -4.05907 -0.289838
9.36297 -4.2788 -0.341499
8.89557 -4.0296 -0.289838
9.37711 -4.24773 -0.341499
9.36409 -4.20642 -0.304672
9.29924 -4.17729 -0.338184
8.99347 -4.00415 -0.326579
9.31118 -4.10866 -0.230958
8.92626 -3.93881 -0.255487
8.92539 -3.93843 -0.289542
9.07071 -4.00255 -0.3289
9.32475 -4.07776 -0.230958
8.93927 -3.90919 -0.255487
8.9384 -3.90881 -0.289542
9.08393 -3.97245 -0.3289
8.82386 -3.82574 -0.218253
8.82473 -3.7914 -0.318622
8.96862 -3.81804 -0.221203
8.98123 -3.78828 -0.221203
9.24777 -3.68949 -0.260723
9.41881 -3.72157 -0.229824
8.76721 -3.46411 -0.246849
8.13421 -3.21399 -0.259579
8.13332 -3.21364 -0.290108
9.2449 -3.61745 -0.225286
9.29066 -3.63536 -0.261246
8.6754 -3.39461 -0.276489
8.67445 -3.39424 -0.309007
9.43333 -3.65705 -0.229597
9.4454 -3.62575 -0.229597
8.48475 -3.22475 -0.237687
9.11368 -3.42924 -0.220976
8.90706 -3.35149 -0.249205
9.73404 -3.62779 -0.199461
9.38671 -3.49835 -0.227328
9.01971 -3.36157 -0.285685
9.91485 -3.65778 -0.202917
9.33181 -3.44268 -0.260461
9.15272 -3.37662 -0.289542
9.92693 -3.62488 -0.202917
9.34317 -3.41172 -0.260461
9.9577 -3.59874 -0.2033
9.83777 -3.52049 -0.164142
9.64819 -3.45265 -0.232546
9.25436 -3.27714 -0.222791
9.28601 -3.2192 -0.18871
9.29608 -3.19001 -0.18871
9.42698 -3.23493 -0.260984
8.92498 -3.06267 -0.280049
9.80839 -3.3295 -0.198885
9.43766 -3.20365 -0.260984
8.93509 -3.03305 -0.280049
9.88681 -3.3196 -0.127422
9.99059 -3.35444 -0.165556
9.5066 -3.19194 -0.19255
8.37737 -2.81279 -0.231404
8.80296 -2.95568 -0.275599
7.97769 -2.67859 -0.279167
10.0686 -3.34351 -0.129621
9.82136 -3.26142 -0.162571
9.17554 -3.04696 -0.185639
9.68722 -3.21688 -0.231639
9.3069 -3.09058 -0.256796
8.8886 -2.95168 -0.277972
9.94555 -3.26801 -0.164456
9.09958 -2.99003 -0.183911
9.5643 -3.14273 -0.228463
9.09814 -2.98956 -0.250775
8.74589 -2.87381 -0.273225
8.36513 -2.7487 -0.292098
8.76636 -2.81626 -0.208951
8.9179 -2.86494 -0.245278
8.77565 -2.78717 -0.208951
8.92735 -2.83535 -0.245278
9.53786 -2.9963 -0.226874
9.06973 -2.84924 -0.248943
8.51575 -2.6752 -0.264919
8.54342 -2.6839 -0.297071
9.74955 -3.02732 -0.160372
9.03139 -2.80432 -0.247634
8.5723 -2.66177 -0.266402
8.92453 -2.77114 -0.310002
9.34851 -2.86883 -0.153618
9.51848 -2.92099 -0.260723
8.87731 -2.72424 -0.275599
9.03143 -2.73879 -0.214169
8.64716 -2.62226 -0.268182
8.8277 -2.64676 -0.273522
9.28925 -2.7516 -0.186023
8.27178 -2.45021 -0.225907
8.4914 -2.51527 -0.262842
10.0099 -2.92899 -0.0910177
9.53926 -2.79128 -0.121436
9.46203 -2.76868 -0.154875
9.43266 -2.76009 -0.18871
9.20169 -2.69251 -0.217573
8.94186 -2.61648 -0.243969
8.0584 -2.35797 -0.249196
8.51795 -2.49244 -0.294419
10.0195 -2.89578 -0.0910177
9.54847 -2.75963 -0.121436
9.47116 -2.73729 -0.154875
9.44177 -2.7288 -0.18871
9.21057 -2.66198 -0.217573
8.95049 -2.58681 -0.243969
8.06618 -2.33123 -0.249196
8.52617 -2.46418 -0.294419
9.73016 -2.77905 -0.123635
9.62334 -2.74855 -0.192166
8.69979 -2.48477 -0.205321
9.08353 -2.59437 -0.247372
8.05336 -2.30014 -0.277841
10.0188 -2.82559 -0.0908432
10.0184 -2.82548 -0.127178
9.556 -2.69507 -0.155974
9.16088 -2.58364 -0.182759
9.21795 -2.59973 -0.217346
8.85155 -2.4964 -0.240828
8.61018 -2.42832 -0.265512
8.07056 -2.27613 -0.278173
9.50756 -2.6474 -0.120581
9.64136 -2.68466 -0.192166
8.63903 -2.40556 -0.203506
9.0235 -2.51262 -0.245278
8.54115 -2.37831 -0.263139
8.37654 -2.33247 -0.288451
9.59295 -2.63693 -0.156288
9.10069 -2.50162 -0.181223
9.10967 -2.50409 -0.214396
8.3956 -2.30781 -0.228001
8.49117 -2.33407 -0.261359
8.96245 -2.46362 -0.308344
9.44679 -2.56487 -0.153775
8.88659 -2.41277 -0.176808
9.0789 -2.46498 -0.213489
9.12636 -2.47787 -0.247634
8.88431 -2.41215 -0.273225
8.38178 -2.27571 -0.288119
9.60012 -2.57234 -0.156131
9.21323 -2.46868 -0.183143
8.77801 -2.35206 -0.206229
8.90278 -2.38549 -0.241352
8.60261 -2.30506 -0.264326
7.9452 -2.12891 -0.272868
9.3766 -2.47915 -0.152361
9.22137 -2.43811 -0.183143
8.90174 -2.3536 -0.208951
9.13293 -2.41473 -0.247372
8.91944 -2.35828 -0.273819
8.47399 -2.24051 -0.290772
9.55973 -2.49369 -0.0862181
9.84965 -2.56931 -0.124368
9.70404 -2.53133 -0.157545
9.21973 -2.405 -0.182951
9.49959 -2.478 -0.222791
9.05383 -2.36172 -0.245016
8.52099 -2.22273 -0.261359
8.52006 -2.22248 -0.292098
9.56752 -2.46364 -0.0862181
9.85767 -2.53836 -0.124368
9.71195 -2.50083 -0.157545
8.87868 -2.28627 -0.17604
9.04261 -2.32848 -0.211901
8.57717 -2.20863 -0.231928
8.56665 -2.20592 -0.262546
8.13017 -2.09352 -0.278504
9.94417 -2.5255 -0.0537219
9.5656 -2.42935 -0.120581
9.39069 -2.38493 -0.152204
8.88621 -2.25681 -0.17604
9.05029 -2.29848 -0.211901
8.58444 -2.18017 -0.231928
8.57392 -2.1775 -0.262546
8.13706 -2.06655 -0.278504
10.0689 -2.52166 -0.0543502
9.92315 -2.48516 -0.0892724
9.6318 -2.41219 -0.121314
9.35975 -2.34406 -0.151576
8.97123 -2.24676 -0.177576
9.08695 -2.27574 -0.212581
8.75648 -2.19298 -0.236378
8.91076 -2.23162 -0.272632
8.36686 -2.0954 -0.28613
10.0384 -2.47867 -0.0541408
9.54301 -2.35636 -0.0857818
9.66887 -2.38743 -0.12168
9.38688 -2.3178 -0.15189
9.06599 -2.23857 -0.179304
8.75474 -2.16172 -0.204641
8.5696 -2.116 -0.231143
8.51054 -2.10142 -0.260172
8.62604 -2.12994 -0.29475
9.71577 -2.36665 -0.0523605
10.007 -2.43759 -0.0898833
9.97749 -2.43041 -0.125468
9.37469 -2.28357 -0.151576
9.26726 -2.2574 -0.183143
9.18888 -2.23831 -0.214623
9.06183 -2.20736 -0.244231
8.47825 -2.06521 -0.258986
8.33166 -2.0295 -0.284472
9.32467 -2.23866 -0.0836874
9.86834 -2.36918 -0.15943
8.92471 -2.14263 -0.176232
8.81712 -2.1168 -0.205775
8.64141 -2.07462 -0.232713
8.42674 -2.02308 -0.257206
7.83299 -1.88054 -0.267231
9.95447 -2.35497 -0.124979
9.45774 -2.23746 -0.152676
9.33068 -2.2074 -0.184103
9.04786 -2.14049 -0.210993
8.87198 -2.09888 -0.238734
8.66685 -2.05035 -0.264326
8.38384 -1.9834 -0.285798
9.91353 -2.3106 -0.124368
9.49432 -2.21289 -0.153147
9.14321 -2.13106 -0.180264
9.23017 -2.15132 -0.215077
8.48947 -1.97869 -0.228263
7.90456 -1.84236 -0.240889
8.33197 -1.94198 -0.283809
9.64822 -2.21683 -0.0863926
9.33602 -2.14509 -0.117038
9.31608 -2.14051 -0.150162
8.93548 -2.05307 -0.17604
8.88611 -2.04172 -0.206909
8.63204 -1.98334 -0.231928
9.10855 -2.09283 -0.277379
7.79255 -1.79046 -0.265242
10.1334 -2.29296 -0.0906686
9.68443 -2.19136 -0.121314
9.23535 -2.08975 -0.148749
9.19578 -2.08079 -0.181031
8.71732 -1.97253 -0.202826
8.61907 -1.9503 -0.231404
8.25751 -1.86848 -0.251272
8.2956 -1.8771 -0.282151
9.71151 -2.16366 -0.086829
9.47692 -2.1114 -0.118626
9.32031 -2.0765 -0.150005
9.10504 -2.02855 -0.179112
8.93849 -1.99144 -0.207817
9.18166 -2.04561 -0.246325
8.48806 -1.89109 -0.258096
8.20423 -1.82785 -0.278836
10.3441 -2.26863 -0.0184824
9.66027 -2.11865 -0.0517845
9.79678 -2.14858 -0.0875271
9.33736 -2.04783 -0.116794
9.31738 -2.04344 -0.149848
9.41447 -2.06474 -0.185063
8.73997 -1.91681 -0.203053
8.48535 -1.86097 -0.227478
8.12327 -1.78156 -0.246822
8.36644 -1.83489 -0.28414
10.185 -2.20022 -0.0181857
10.009 -2.16219 -0.0536171
10.0869 -2.17903 -0.0900578
9.52945 -2.0586 -0.119115
9.79287 -2.1155 -0.157388
9.11795 -1.96971 -0.179112
9.08797 -1.96323 -0.210993
8.4423 -1.82375 -0.226169
8.57826 -1.85312 -0.260469
8.60662 -1.85925 -0.292098
10.1923 -2.16644 -0.0181857
10.0161 -2.12899 -0.0536171
10.0941 -2.14557 -0.0900578
9.53623 -2.02699 -0.119115
9.79983 -2.08302 -0.157388
9.12444 -1.93946 -0.179112
9.09443 -1.93308 -0.210993
8.4483 -1.79574 -0.226169
8.58436 -1.82466 -0.260469
8.61274 -1.8307 -0.292098
10.4148 -2.17765 -0.0185696
10.072 -2.10599 -0.0538789
9.8271 -2.05478 -0.0876144
10.0127 -2.09359 -0.124979
9.52286 -1.99116 -0.152833
9.2189 -1.92761 -0.18084
8.58214 -1.79447 -0.198969
8.82604 -1.84546 -0.236116
8.49252 -1.77573 -0.257502
8.75573 -1.83076 -0.296739
11.2933 -2.32228 0.100617
10.8529 -2.23173 0.0193379
9.89299 -2.03434 -0.0176272
10.1965 -2.09675 -0.0545073
9.45186 -1.94363 -0.084211
9.19687 -1.89119 -0.114717
9.04951 -1.86089 -0.145136
9.29379 -1.91112 -0.182183
9.0483 -1.86064 -0.209632
8.64606 -1.77793 -0.231143
8.5669 -1.76165 -0.259579
8.19395 -1.68496 -0.277509
10.7912 -2.18374 0.0192157
10.605 -2.14605 -0.0188838
10.0952 -2.04289 -0.0539313
9.93817 -2.01111 -0.088487
9.8888 -2.00112 -0.123269
9.13371 -1.84832 -0.146393
8.89797 -1.80061 -0.174312
8.80913 -1.78263 -0.20396
8.89656 -1.80033 -0.237687
8.71934 -1.76446 -0.264029
8.34614 -1.68894 -0.282483
10.0529 -1.99965 -0.0536695
9.97421 -1.98399 -0.0887488
9.53252 -1.89614 -0.118748
9.40457 -1.87069 -0.150634
9.20788 -1.83156 -0.180264
8.69733 -1.73001 -0.201238
8.79463 -1.74936 -0.234807
8.48006 -1.68679 -0.256612
8.27328 -1.64566 -0.27983
9.4606 -1.84924 -0.0841238
9.36211 -1.82999 -0.116549
9.26353 -1.81072 -0.148278
8.92934 -1.74539 -0.174696
8.86 -1.73184 -0.204868
8.7219 -1.70485 -0.232713
8.46599 -1.65482 -0.256019
8.55334 -1.6719 -0.289114
9.59434 -1.84237 -0.0852582
9.65291 -1.85362 -0.120092
9.20074 -1.76679 -0.147178
9.28855 -1.78365 -0.181607
8.78715 -1.68737 -0.203053
8.61951 -1.65518 -0.229834
8.15731 -1.56642 -0.246526
7.98955 -1.53421 -0.269884
9.88528 -1.86606 -0.0526747
9.12843 -1.72318 -0.0810695
9.47199 -1.78804 -0.117771
8.96062 -1.69151 -0.143251
9.23516 -1.74333 -0.180456
8.56646 -1.6171 -0.197834
8.45768 -1.59657 -0.225384
7.97557 -1.50556 -0.240889
8.22022 -1.55174 -0.277509
9.52738 -1.76579 -0.0845601
9.58602 -1.77666 -0.119115
9.3496 -1.73285 -0.149377
8.76902 -1.62524 -0.171241
8.84702 -1.6397 -0.204187
8.31549 -1.54118 -0.221457
8.11811 -1.5046 -0.245043
7.7831 -1.44251 -0.26259
9.09013 -1.6536 -0.112884
9.24708 -1.68215 -0.147649
9.27603 -1.68741 -0.181031
8.61634 -1.56741 -0.198742
8.53693 -1.55296 -0.227216
8.41808 -1.53134 -0.253942
8.46632 -1.54012 -0.285467
9.8929 -1.76576 -0.12278
9.31167 -1.66202 -0.148592
8.92724 -1.5934 -0.17412
8.86754 -1.58274 -0.204414
8.74869 -1.56153 -0.232713
8.56087 -1.52801 -0.258096
7.98927 -1.42598 -0.269221
9.84002 -1.72444 -0.0174352
9.66261 -1.69335 -0.0513656
9.79991 -1.71741 -0.121558
9.12972 -1.59996 -0.145607
8.82387 -1.54636 -0.172009
8.59674 -1.50656 -0.198061
8.30061 -1.45466 -0.220672
7.72876 -1.35445 -0.232879
8.34811 -1.46299 -0.281156
12.0124 -2.06412 0.191473
10.0329 -1.72398 -0.0177668
9.75687 -1.67654 -0.0518369
9.79605 -1.68327 -0.0867417
9.55918 -1.64257 -0.118504
8.81964 -1.51549 -0.140581
8.66144 -1.48831 -0.168745
8.99581 -1.54576 -0.207136
8.5714 -1.47284 -0.22774
8.30458 -1.42699 -0.250086
11.4868 -1.9346 0.182991
9.47652 -1.59603 -0.016772
9.10114 -1.53281 -0.112762
9.21901 -1.55266 -0.146864
9.02126 -1.51936 -0.175656
8.34036 -1.40468 -0.191936
8.2805 -1.3946 -0.219886
8.05299 -1.35628 -0.242373
9.48107 -1.56448 -0.117404
9.48061 -1.56441 -0.150948
9.05585 -1.49431 -0.176232
8.70994 -1.43724 -0.20033
8.26536 -1.36388 -0.219363
7.90951 -1.30516 -0.237923
9.26912 -1.49961 -0.0819421
9.40697 -1.52191 -0.116427
9.20911 -1.4899 -0.14655
8.49792 -1.37484 -0.16529
8.02358 -1.2981 -0.184449
7.93408 -1.28362 -0.210463
8.46614 -1.3697 -0.254536
8.36655 -1.35359 -0.281156
9.79785 -1.55183 0.0173134
9.7781 -1.5487 -0.0172781
9.56046 -1.51423 -0.0844728
9.22432 -1.46099 -0.114106
9.40163 -1.48907 -0.149534
8.90731 -1.41078 -0.173161
8.60055 -1.36219 -0.197608
8.49121 -1.34488 -0.225122
7.97701 -1.26343 -0.239703
7.94652 -1.25861 -0.2669
11.0473 -1.71218 0.136585
10.9291 -1.69387 0.0965158
9.33849 -1.44734 -0.0164928
9.23956 -1.43201 -0.0489571
9.79271 -1.51774 -0.0864799
9.16983 -1.4212 -0.113373
9.10021 -1.41041 -0.144665
9.09966 -1.41033 -0.176808
8.69394 -1.34745 -0.199649
8.74259 -1.35499 -0.231666
8.15895 -1.26453 -0.245043
7.92102 -1.22765 -0.265905
11.4879 -1.74148 0.141961
10.7468 -1.62914 0.0948577
10.4801 -1.58871 0.0555012
10.3715 -1.57224 0.0183082
9.68929 -1.46883 -0.0171036
9.62961 -1.45978 -0.0849964
9.34256 -1.41627 -0.11545
9.21358 -1.39671 -0.146393
8.63968 -1.30971 -0.167785
9.04431 -1.37105 -0.20759
8.84587 -1.34097 -0.234284
8.64735 -1.31088 -0.259579
8.40925 -1.27478 -0.282151
10.831 -1.60711 0.0955558
10.7323 -1.59247 0.0568102
10.5149 -1.5602 0.0185525
9.73342 -1.44425 -0.0171734
9.64428 -1.43102 -0.0510515
9.29784 -1.37962 -0.0820294
9.03045 -1.33994 -0.11154
9.01023 -1.33694 -0.143094
8.15915 -1.21066 -0.158379
8.62334 -1.27954 -0.197834
8.61272 -1.27796 -0.228001
8.42402 -1.24996 -0.252756
8.03753 -1.19261 -0.269552
10.8363 -1.57118 0.0955558
10.7376 -1.55687 0.0568102
10.52 -1.52532 0.0185525
9.73815 -1.41197 -0.0171734
9.64897 -1.39903 -0.0510515
9.30237 -1.34878 -0.0820294
9.03484 -1.30999 -0.11154
9.01461 -1.30706 -0.143094
8.16312 -1.1836 -0.158379
8.62754 -1.25093 -0.197834
8.61691 -1.24939 -0.228001
8.42812 -1.22202 -0.252756
8.04144 -1.16595 -0.269552
10.1486 -1.43713 0.0536686
10.5745 -1.49744 0.0186398
9.73288 -1.37826 -0.017156
9.61395 -1.36142 -0.050842
8.92033 -1.2632 -0.110074
9.0189 -1.27716 -0.143094
8.89955 -1.26026 -0.172585
8.52275 -1.2069 -0.195339
8.61111 -1.21941 -0.22774
8.34305 -1.18145 -0.250086
8.81713 -1.24858 -0.295413
10.3912 -1.43635 0.0183082
9.77702 -1.35146 -0.0172258
9.85615 -1.36239 -0.0520987
9.33058 -1.28975 -0.115083
9.18156 -1.26915 -0.145607
8.66599 -1.19788 -0.167977
8.26923 -1.14304 -0.18944
8.1786 -1.13051 -0.245043
7.54408 -1.0428 -0.252643
10.346 -1.39699 0.0546634
10.3362 -1.39567 0.0182035
9.7614 -1.31806 -0.0171909
9.66218 -1.30466 -0.0510515
9.23549 -1.24705 -0.113862
9.02695 -1.21889 -0.143094
8.8976 -1.20142 -0.172393
8.45111 -1.14113 -0.193524
8.51891 -1.15029 -0.255129
7.85436 -1.06056 -0.262921
10.4695 -1.37834 0.0552918
9.94418 -1.30918 0.0175053
10.1226 -1.33267 -0.0178192
9.73586 -1.28175 -0.051418
9.10112 -1.19818 -0.0801095
9.19992 -1.21119 -0.113373
8.6939 -1.14457 -0.137754
8.64381 -1.13798 -0.167401
8.67291 -1.14181 -0.198515
7.82811 -1.03059 -0.261926
10.6225 -1.36266 0.0934615
10.5435 -1.35252 0.0556583
10.494 -1.34617 0.0184653
9.88895 -1.26856 -0.0174003
9.7103 -1.24564 -0.0512609
9.42243 -1.20871 -0.082902
9.432 -1.20994 -0.116183
8.87616 -1.13864 -0.140581
8.95496 -1.14874 -0.173353
8.42874 -1.08124 -0.192843
8.4776 -1.08751 -0.223813
8.39654 -1.07711 -0.280825
10.915 -1.36341 0.0575956
10.1412 -1.26675 0.017837
9.96256 -1.24443 -0.0175225
9.55561 -1.1936 -0.0504232
9.347 -1.16754 -0.0822039
9.02915 -1.12784 -0.111174
8.73106 -1.09061 -0.138225
8.79998 -1.09922 -0.170281
8.71005 -1.08798 -0.199196
8.42164 -1.05196 -0.222242
8.30089 -1.03687 -0.277509
10.0359 -1.22159 0.017645
9.59914 -1.16842 -0.0168767
9.32107 -1.13458 -0.0491665
9.47967 -1.15388 -0.0833384
9.25102 -1.12605 -0.113862
8.99251 -1.09458 -0.142309
9.11106 -1.10901 -0.176232
8.40578 -1.02317 -0.192163
8.45468 -1.02912 -0.223028
8.22564 -1.00124 -0.245933
8.01639 -0.975769 -0.267894
10.6356 -1.25881 0.0560772
9.66254 -1.14364 0.0169818
9.89095 -1.17067 -0.0173829
9.2652 -1.09661 -0.0488523
9.19546 -1.08835 -0.0808077
8.92702 -1.05658 -0.10983
8.56912 -1.01422 -0.135555
8.82675 -1.04471 -0.170665
8.74668 -1.03524 -0.199876
8.33892 -0.986976 -0.219886
8.11973 -0.961033 -0.242669
7.78138 -0.920987 -0.259937
11.6014 -1.33412 0.224226
10.8477 -1.24745 0.133409
10.6991 -1.23036 0.0939851
10.5404 -1.21211 0.0555536
10.1928 -1.17214 0.0179068
9.71595 -1.1173 -0.0170687
9.27872 -1.06702 -0.0489047
8.95067 -1.0293 -0.078626
9.47683 -1.0898 -0.116549
9.04924 -1.04063 -0.143094
8.86925 -1.01993 -0.202599
8.50104 -0.97759 -0.224075
8.01364 -0.92154 -0.239406
7.72481 -0.888327 -0.257948
10.117 -1.12944 0.0533021
9.49091 -1.05954 -0.0500043
9.24223 -1.03178 -0.0811567
9.28164 -1.03618 -0.114106
9.10232 -1.01616 -0.143879
8.67387 -0.968332 -0.198061
8.47443 -0.946067 -0.223289
8.31466 -0.928231 -0.248306
8.22436 -0.918149 -0.274525
10.5776 -1.14722 0.0928506
10.4188 -1.13 0.0548729
9.8025 -1.06316 -0.0172083
9.68308 -1.05021 -0.0509991
9.39455 -1.01892 -0.0824657
9.36438 -1.01564 -0.115083
8.84702 -0.959532 -0.139796
8.69675 -0.943233 -0.198515
8.34816 -0.905427 -0.219886
7.98961 -0.866538 -0.238516
7.91918 -0.8589 -0.264247
11.1279 -1.16959 0.136708
10.641 -1.11841 0.0933742
9.86564 -1.03692 0.0173134
10.0148 -1.0526 -0.0175748
9.12959 -0.959558 -0.0480669
9.11942 -0.95849 -0.0800223
9.48703 -0.997127 -0.116549
9.04903 -0.951092 -0.142937
8.67063 -0.91132 -0.167401
8.78931 -0.923794 -0.200557
8.46048 -0.889232 -0.222766
8.18131 -0.859891 -0.244153
7.81264 -0.821142 -0.2606
10.7437 -1.0932 0.131943
10.6546 -1.08413 0.0934615
10.5255 -1.071 0.0553965
9.96851 -1.01432 0.0174879
10.0083 -1.01837 -0.0175574
9.39138 -0.955597 -0.0494283
9.21208 -0.937353 -0.0808077
9.15206 -0.931246 -0.112396
8.66419 -0.881604 -0.136811
8.87254 -0.902805 -0.171241
8.52378 -0.867317 -0.194431
8.26448 -0.840932 -0.217531
7.99518 -0.81353 -0.238516
7.72584 -0.786124 -0.257616
10.8173 -1.06446 0.0948577
10.4494 -1.02825 0.0549776
10.1709 -1.00085 0.017837
9.96187 -0.980281 -0.0174701
9.92194 -0.976352 -0.0522034
9.3047 -0.915614 -0.0815931
9.03568 -0.889141 -0.110929
8.65711 -0.851889 -0.136654
8.26853 -0.813651 -0.15953
8.20823 -0.807717 -0.187171
8.14784 -0.801774 -0.214389
8.04757 -0.791907 -0.239999
7.96712 -0.783991 -0.265574
10.8007 -1.02858 0.0946832
10.2037 -0.971721 0.0536686
10.0445 -0.956564 0.0176101
9.4572 -0.90063 -0.01658
9.65618 -0.91958 -0.0507897
9.16817 -0.873105 -0.0803713
9.16783 -0.873074 -0.112518
9.12757 -0.869239 -0.144037
8.70899 -0.829376 -0.167977
8.39982 -0.799934 -0.191482
8.63795 -0.822611 -0.227216
7.96046 -0.758093 -0.237329
7.73075 -0.736217 -0.257616
10.734 -0.986314 0.131699
10.6149 -0.97537 0.0930251
9.86829 -0.906769 0.0518884
9.85845 -0.905865 0.0172785
9.94808 -0.9141 -0.0174352
9.68905 -0.890299 -0.0509468
8.79262 -0.807929 -0.0770553
8.61307 -0.79143 -0.105676
9.07066 -0.833477 -0.143094
8.64199 -0.794088 -0.166633
8.38252 -0.770245 -0.191028
8.26235 -0.759203 -0.217269
8.07242 -0.741751 -0.240593
7.75306 -0.712406 -0.258279
11.8107 -1.04577 0.269072
11.2539 -0.996464 0.216931
10.877 -0.963095 0.0952941
10.2199 -0.904908 0.053721
9.98094 -0.883752 0.0174879
9.75183 -0.863466 -0.0170862
9.7816 -0.866101 -0.051418
9.28333 -0.821982 -0.0813313
8.98418 -0.795495 -0.110196
8.62519 -0.763708 -0.136026
8.29601 -0.734561 -0.159914
8.31532 -0.736271 -0.18944
8.48389 -0.751197 -0.223028
8.02506 -0.71057 -0.239109
7.94453 -0.70344 -0.264579
11.7743 -1.0032 0.268164
10.2624 -0.874388 0.0898836
10.3623 -0.882898 0.054454
10.472 -0.892248 0.0183431
9.86424 -0.840462 -0.0172781
9.39583 -0.800551 -0.0493759
9.286 -0.791193 -0.0813313
9.24581 -0.787769 -0.113373
8.74722 -0.745288 -0.137911
8.5076 -0.724872 -0.163946
8.11849 -0.691718 -0.184903
8.17756 -0.696751 -0.214913
8.34607 -0.711109 -0.248602
7.9269 -0.675395 -0.263916
10.6438 -0.873212 0.0931997
10.3252 -0.847069 0.0542446
9.817 -0.80538 0.0171912
9.44824 -0.775127 -0.0165451
9.23883 -0.757947 -0.0485382
8.94959 -0.734218 -0.0783642
8.97916 -0.736644 -0.110074
8.91893 -0.731703 -0.140581
8.46998 -0.694871 -0.163178
8.46936 -0.69482 -0.192843
8.33912 -0.684135 -0.219101
8.0494 -0.660367 -0.239703
7.3114 -0.599822 -0.24336
10.3975 -0.818297 0.091018
10.308 -0.811256 0.0541398
9.89937 -0.779098 0.0173308
9.74984 -0.767329 -0.0170687
9.03195 -0.71083 -0.0474386
9.41054 -0.740626 -0.0823784
9.10118 -0.716278 -0.11154
8.80169 -0.692708 -0.138696
8.9407 -0.703648 -0.172201
8.45168 -0.665162 -0.192389
8.26161 -0.650203 -0.217007
8.27077 -0.650924 -0.246229
7.76172 -0.61086 -0.258279
10.639 -0.80182 0.130355
10.4203 -0.785336 0.0547158
9.85205 -0.742508 0.0172436
9.43323 -0.710944 -0.0165102
9.36332 -0.705675 -0.0491665
9.15369 -0.689876 -0.0801095
8.99382 -0.677827 -0.110196
8.98341 -0.677043 -0.141523
8.70371 -0.655963 -0.167593
8.29434 -0.62511 -0.188759
8.10423 -0.610783 -0.212819
8.17321 -0.615981 -0.243263
7.92316 -0.597136 -0.263584
10.3225 -0.743547 0.126445
9.96417 -0.717737 0.0174355
9.58515 -0.690435 -0.016772
9.28581 -0.668874 -0.0487476
9.24569 -0.665984 -0.0808949
8.94615 -0.644407 -0.109586
8.90582 -0.641502 -0.140267
8.57619 -0.617759 -0.165098
8.20662 -0.591137 -0.186718
8.16604 -0.588214 -0.214389
7.98578 -0.57523 -0.237626
8.04472 -0.579475 -0.267563
10.5442 -0.72623 0.129133
9.68704 -0.667191 0.0169469
9.50746 -0.654822 -0.0166324
9.51732 -0.655502 -0.0499519
9.21781 -0.634873 -0.0806331
9.06784 -0.624544 -0.111052
8.82799 -0.608024 -0.13901
8.36863 -0.576386 -0.161066
8.27825 -0.570161 -0.188306
8.37728 -0.576981 -0.219886
8.08727 -0.557007 -0.240593
8.08638 -0.556946 -0.268889
9.93793 -0.651367 0.121681
10.1279 -0.663817 0.0885746
9.4996 -0.622637 0.0166152
9.29005 -0.608902 -0.0162484
9.31987 -0.610857 -0.0489047
9.23982 -0.60561 -0.0808077
8.90024 -0.583352 -0.108975
9.08937 -0.595749 -0.143094
8.43035 -0.552555 -0.162218
8.46964 -0.55513 -0.192616
8.24947 -0.540699 -0.216483
7.89956 -0.517765 -0.234956
7.61945 -0.499405 -0.253306
10.3197 -0.642025 0.0902326
10.5195 -0.654459 0.055187
9.77109 -0.607897 0.0170865
9.38173 -0.583673 -0.0492189
8.99227 -0.559443 -0.078626
9.37118 -0.583017 -0.114717
8.68214 -0.540149 -0.136654
8.37227 -0.520871 -0.161066
8.56124 -0.532627 -0.194658
8.24124 -0.512719 -0.216222
8.09079 -0.503359 -0.240593
7.73079 -0.480962 -0.256953
10.4715 -0.616618 0.0915416
10.0225 -0.59018 0.0525691
9.32372 -0.549032 -0.0489047
9.2636 -0.545492 -0.0809822
8.95382 -0.52725 -0.109586
8.6739 -0.510767 -0.136497
8.66339 -0.510149 -0.166633
8.40328 -0.494831 -0.191028
8.10318 -0.47716 -0.212557
7.88287 -0.464187 -0.234363
7.65253 -0.450623 -0.254301
10.703 -0.596516 0.0935487
10.0343 -0.559247 0.0526214
9.75485 -0.543673 0.0170516
9.41526 -0.524746 -0.0493759
8.95576 -0.499137 -0.078277
8.99537 -0.501344 -0.110074
8.82521 -0.491861 -0.138853
8.60506 -0.479591 -0.165482
8.17521 -0.455634 -0.18581
8.23439 -0.458933 -0.21596
8.03399 -0.447763 -0.238813
7.67386 -0.427692 -0.254964
10.7632 -0.564078 0.206948
10.3246 -0.541087 0.162415
10.2955 -0.539563 0.0899708
9.54677 -0.500325 0.0500558
9.20735 -0.482537 0.0160917
9.33706 -0.489335 -0.0489571
8.85751 -0.464202 -0.0774043
8.6375 -0.452672 -0.105676
8.56718 -0.448987 -0.134769
8.29708 -0.434832 -0.15953
8.06685 -0.422766 -0.183315
8.25584 -0.43267 -0.216483
7.86574 -0.412226 -0.233769
7.63532 -0.40015 -0.253638
10.6858 -0.524493 0.168069
10.1576 -0.498568 0.0532497
9.56847 -0.46965 0.01672
9.67833 -0.475043 -0.0169116
9.26871 -0.454937 -0.0485905
9.43828 -0.46326 -0.0824657
8.86866 -0.435301 -0.108486
8.82828 -0.433319 -0.138853
8.64799 -0.42447 -0.166249
8.47761 -0.416107 -0.192616
8.24724 -0.4048 -0.216222
7.80716 -0.3832 -0.231989
8.21558 -0.403246 -0.272868
10.3779 -0.474886 0.1632
10.4483 -0.478109 0.127789
9.81959 -0.44934 0.0514695
9.19037 -0.420547 0.0160567
9.56997 -0.437917 -0.0167197
9.06039 -0.4146 -0.047491
8.83042 -0.404076 -0.0771425
8.95995 -0.410003 -0.109586
8.55 -0.391244 -0.134455
8.32975 -0.381165 -0.160106
8.18932 -0.37474 -0.186037
7.96893 -0.364654 -0.208892
7.89825 -0.36142 -0.234659
7.5779 -0.346761 -0.251648
10.7889 -0.459734 0.16964
10.0501 -0.428254 0.122902
10.0005 -0.426141 0.0873529
9.3515 -0.398484 0.016336
9.43143 -0.40189 -0.0164753
9.58117 -0.408271 -0.0502137
9.07142 -0.38655 -0.0792369
8.99117 -0.38313 -0.109952
8.70103 -0.370767 -0.136811
8.46076 -0.360528 -0.162602
8.34028 -0.355395 -0.18944
8.00998 -0.34132 -0.209939
7.80947 -0.332776 -0.231989
7.92844 -0.337845 -0.263253
9.91161 -0.389428 0.121192
9.86201 -0.38748 0.0861312
10.0922 -0.396524 0.0176275
9.54262 -0.374931 -0.0166673
9.21276 -0.361971 -0.0482764
8.65299 -0.339977 -0.0755717
8.8625 -0.348209 -0.108364
8.73218 -0.343088 -0.137282
8.36201 -0.328544 -0.160682
8.0617 -0.316745 -0.183088
7.94115 -0.312009 -0.208107
7.99031 -0.31394 -0.237329
7.74975 -0.304489 -0.257285
10.3425 -0.372014 0.126445
9.89322 -0.355852 0.086393
8.91422 -0.320638 -0.0155678
9.44376 -0.339685 -0.0494807
8.9139 -0.320626 -0.0778406
8.5938 -0.309113 -0.105065
8.61337 -0.309817 -0.135398
8.77271 -0.315548 -0.168553
8.46235 -0.304385 -0.192163
8.15193 -0.293219 -0.213604
7.89142 -0.283849 -0.234363
7.96047 -0.286332 -0.264247
10.4437 -0.340978 0.127667
10.0842 -0.329243 0.088051
9.34489 -0.305104 0.0489562
9.64485 -0.314897 -0.0168418
9.30491 -0.303799 -0.0487476
8.54512 -0.278992 -0.0746118
8.31495 -0.271477 -0.101645
8.90416 -0.290714 -0.139953
8.37399 -0.273405 -0.160874
8.19352 -0.267513 -0.186037
8.34269 -0.272383 -0.218578
7.8024 -0.254743 -0.231693
7.60177 -0.248192 -0.252311
10.824 -0.319357 0.170111
10.5146 -0.310231 0.128522
9.80536 -0.289304 0.0856076
9.40578 -0.277514 0.0492704
9.51585 -0.280762 0.0166152
9.44588 -0.278697 -0.0164928
9.5757 -0.282528 -0.0501614
8.94577 -0.263942 -0.0781024
8.49567 -0.250662 -0.103844
8.50525 -0.250944 -0.13367
8.43477 -0.248865 -0.162026
7.82458 -0.230861 -0.177643
8.12368 -0.239686 -0.212819
7.97302 -0.235241 -0.236736
7.94217 -0.234331 -0.263584
10.0458 -0.263059 0.12278
9.83625 -0.257571 0.0858694
9.72653 -0.254698 0.0509459
9.52672 -0.249466 0.0166327
9.2968 -0.243445 -0.016231
9.31668 -0.243966 -0.0488
8.77666 -0.229825 -0.0766189
8.88629 -0.232696 -0.108608
8.49604 -0.222477 -0.133513
8.25565 -0.216182 -0.158571
8.05517 -0.210932 -0.182861
7.81464 -0.204634 -0.204704
8.00373 -0.209585 -0.237626
7.49331 -0.196219 -0.248664
10.107 -0.231124 0.0882255
9.92727 -0.227015 0.0519931
9.15759 -0.209414 0.0159869
9.47751 -0.21673 -0.0165451
9.26745 -0.211926 -0.0485382
8.54744 -0.195461 -0.0746118
8.90701 -0.203684 -0.108853
8.28681 -0.189501 -0.130214
8.19635 -0.187432 -0.157419
7.83593 -0.17919 -0.17787
8.28499 -0.189459 -0.217007
7.6946 -0.175958 -0.228429
7.95354 -0.18188 -0.263916
10.2673 -0.200727 0.125468
10.1677 -0.19878 0.0887491
10.1479 -0.198394 0.053145
9.99807 -0.195464 0.017453
9.05826 -0.177091 -0.0158121
9.37808 -0.183343 -0.0491141
9.34786 -0.182752 -0.0815931
8.84765 -0.172973 -0.10812
8.63728 -0.168861 -0.135712
8.14694 -0.159274 -0.156459
7.96643 -0.155745 -0.180819
7.97574 -0.155927 -0.208892
7.49527 -0.146534 -0.222496
7.34456 -0.143587 -0.243691
10.3682 -0.170117 0.0904944
9.80855 -0.160934 0.0513648
9.60869 -0.157655 0.0167723
9.19875 -0.150929 -0.0160565
9.24863 -0.151748 -0.0484335
8.98845 -0.147479 -0.0784515
9.23807 -0.151574 -0.112884
8.63777 -0.141725 -0.135712
8.42731 -0.138272 -0.161834
7.78695 -0.127765 -0.176735
8.24606 -0.135298 -0.21596
7.89546 -0.129545 -0.234363
7.52485 -0.123465 -0.249659
10.0488 -0.131545 0.0877019
10.009 -0.131025 0.052412
9.61916 -0.125922 0.0167898
9.33919 -0.122257 -0.0163008
8.75913 -0.114663 -0.0458678
8.61893 -0.112828 -0.0752227
8.88858 -0.116358 -0.108608
8.42824 -0.110332 -0.132413
8.03783 -0.105221 -0.154347
8.12721 -0.106391 -0.184449
7.97658 -0.104419 -0.208892
7.81589 -0.102316 -0.231989
7.5552 -0.0989029 -0.250654
10.1688 -0.0993909 0.124246
9.75916 -0.0953875 0.0851712
9.7994 -0.0957807 0.0513124
9.44953 -0.0923611 0.0164931
9.16955 -0.0896245 -0.0160041
8.82946 -0.0863004 -0.0462343
8.66926 -0.0847346 -0.075659
8.71893 -0.0852201 -0.106531
8.45855 -0.0826751 -0.132884
8.49803 -0.083061 -0.163178
7.8476 -0.0767036 -0.178096
7.87692 -0.0769902 -0.206274
7.42637 -0.0725865 -0.22042
7.15572 -0.0699411 -0.237392
10.0394 -0.0648327 0.0876147
9.59967 -0.061993 0.0502652
9.51979 -0.0614771 0.0166152
9.1298 -0.0589586 -0.0159343
8.7197 -0.0563103 -0.0456583
8.94947 -0.0577941 -0.0781024
8.83916 -0.0570817 -0.107997
8.44878 -0.0545607 -0.132727
8.69822 -0.0561715 -0.167017
8.30769 -0.0536496 -0.188533
7.93711 -0.0512565 -0.207845
7.77641 -0.0502187 -0.230803
7.40577 -0.0478252 -0.24568
9.90981 -0.0328624 0.0518884
9.51993 -0.0315695 0.0166152
9.07994 -0.0301104 -0.015847
8.96983 -0.0297453 -0.0469674
8.69962 -0.0288492 -0.0759208
8.61931 -0.0285829 -0.10531
8.28893 -0.0274873 -0.130214
8.70835 -0.0288782 -0.167209
8.3778 -0.027782 -0.190121
8.06719 -0.026752 -0.211248
7.6266 -0.0252909 -0.226353
7.95558 -0.0263819 -0.263916
9.66963 0 0.0843858
9.82987 0 0.0514695
9.63999 0 0.0168247
9.38999 0 -0.0163881
9.33987 0 -0.0489047
8.77966 0 -0.0766189
8.76935 0 -0.107142
8.02901 0 -0.12613
7.82856 0 -0.150316
8.22788 0 -0.186718
7.85731 0 -0.205751
8.04646 0 -0.238813
7.83569 0 -0.259937
10.6186 0.0352129 0.166813
10.1992 0.033822 0.124613
9.64958 0.0319994 0.0842113
9.62982 0.0319339 0.0504223
9.48993 0.03147 0.0165629
9.13994 0.0303094 -0.0159517
8.92983 0.0296126 -0.0467579
8.68962 0.0288161 -0.0758335
8.45932 0.0280524 -0.103355
8.20894 0.0272221 -0.128957
8.03847 0.0266568 -0.154347
7.80795 0.0258923 -0.177189
7.97722 0.0264536 -0.208892
7.74655 0.0256887 -0.229913
7.39589 0.0245259 -0.245349
10.199 0.0676433 0.124613
9.60942 0.0637329 0.0838623
9.32967 0.0618775 0.0488515
9.16978 0.0608171 0.0160044
9.09979 0.0603528 -0.0158819
9.01968 0.0598215 -0.0472292
8.83947 0.0586263 -0.0771425
9.01913 0.0598179 -0.110196
8.06883 0.0535152 -0.126758
8.2383 0.0546392 -0.158187
8.51762 0.0564917 -0.193297
7.63721 0.0506526 -0.199992
7.74642 0.0513768 -0.229913
7.42575 0.0492501 -0.246343
9.8194 0.0959762 0.0514171
9.48953 0.0927521 0.0165629
9.08955 0.0888426 -0.0158645
8.77946 0.0858117 -0.0459725
8.63926 0.0844414 -0.0753972
8.71893 0.0852201 -0.106531
8.09861 0.079157 -0.12723
8.43804 0.0824746 -0.162026
7.99756 0.0781693 -0.1815
7.57704 0.0740591 -0.198421
7.53632 0.0736611 -0.223683
7.42556 0.0725785 -0.246343
9.67585 0.126664 0.253393
9.84662 0.128899 0.22347
9.75737 0.127731 0.187367
9.53801 0.124859 0.149849
9.68845 0.126829 0.118382
9.49906 0.124349 0.0497416
9.36918 0.122649 0.0163534
8.98922 0.117675 -0.0156899
8.93911 0.117019 -0.0468103
8.64893 0.113221 -0.0754845
8.84858 0.115834 -0.10812
8.18829 0.107191 -0.128643
8.35774 0.109409 -0.16049
7.8573 0.102858 -0.178323
7.73668 0.101279 -0.20261
7.31615 0.0957737 -0.217156
7.32534 0.095894 -0.243028
9.85614 0.161715 0.223697
9.92683 0.162875 0.190631
9.91744 0.162721 0.155817
9.73796 0.159776 0.118993
9.90853 0.162575 0.0518884
9.42872 0.154702 0.0164582
9.19875 0.150929 -0.0160565
8.97867 0.147318 -0.0470197
8.73849 0.143377 -0.0762699
8.84815 0.145177 -0.10812
8.26787 0.135656 -0.1299
8.1474 0.133679 -0.156459
7.67699 0.125961 -0.17424
7.72631 0.12677 -0.202348
7.86548 0.129053 -0.233473
7.33498 0.120349 -0.24336
9.98731 0.196997 0.122047
9.33806 0.184191 0.0489039
9.60812 0.189518 0.0167723
8.99824 0.177488 -0.0157074
8.68819 0.171373 -0.0455013
8.80795 0.173735 -0.0768807
8.23778 0.162488 -0.100667
8.27737 0.163269 -0.130057
8.02696 0.15833 -0.154155
7.66588 0.151208 -0.200777
7.32535 0.144491 -0.217453
7.22462 0.142504 -0.239712
10.1366 0.231801 0.12388
10.087 0.230667 0.088051
9.74732 0.2229 0.0510506
9.57748 0.219016 0.01672
9.03762 0.20667 -0.0157772
8.62763 0.197295 -0.0451871
8.70739 0.199119 -0.0760081
8.24723 0.188596 -0.100789
8.45675 0.193387 -0.132884
8.14637 0.186289 -0.156459
7.55543 0.172776 -0.197898
7.59384 0.173654 -0.25198
10.5251 0.275609 0.165399
10.0062 0.262021 0.0873529
9.2667 0.242657 0.0485374
9.3068 0.243707 0.0162487
8.90693 0.233236 -0.0155503
9.00679 0.235851 -0.0471768
8.59673 0.225113 -0.0750482
8.6364 0.226152 -0.105554
8.45606 0.22143 -0.132884
8.28563 0.216967 -0.159146
7.8746 0.206204 -0.206274
7.63318 0.199882 -0.253306
11.3512 0.334912 0.297371
10.1243 0.298715 0.159116
9.69506 0.286049 0.118504
9.84534 0.290483 0.0859566
9.75562 0.287836 0.051103
9.17599 0.270734 0.0160218
8.2364 0.243012 -0.014381
8.87602 0.261884 -0.0464961
8.27608 0.244183 -0.0722557
8.51566 0.251251 -0.104088
7.77566 0.229418 -0.122203
8.11497 0.239429 -0.155883
8.05442 0.237643 -0.182861
7.67403 0.226419 -0.201039
7.7124 0.227551 -0.255958
10.2126 0.335218 0.196198
10.2032 0.334911 0.160373
9.80399 0.321806 0.119848
9.81434 0.322145 0.0856948
9.48476 0.311327 0.0496893
9.22502 0.302802 0.0161091
9.20503 0.302145 -0.0160739
8.71497 0.28606 -0.0760953
8.61472 0.282769 -0.10531
8.63428 0.283411 -0.135712
8.04418 0.264042 -0.154539
8.22345 0.269926 -0.186718
7.943 0.260721 -0.208107
7.91225 0.259711 -0.234956
7.83147 0.25706 -0.259937
10.5213 0.378442 0.202149
10.4819 0.377028 0.164771
9.71299 0.34937 0.118749
9.58344 0.34471 0.0836877
9.64363 0.346875 0.050527
8.96419 0.322436 0.0156553
9.04414 0.325311 -0.0157947
8.85394 0.31847 -0.0773171
8.44391 0.303722 -0.103233
8.17371 0.294003 -0.128486
8.14323 0.292906 -0.156459
8.22256 0.29576 -0.186718
7.81227 0.281002 -0.204704
7.69164 0.276663 -0.228429
7.53098 0.270884 -0.249991
10.7297 0.421573 0.20618
10.081 0.396083 0.158488
9.79171 0.384717 0.119726
9.59223 0.37688 0.083775
9.1728 0.3604 0.0480661
9.1829 0.360797 0.0160393
9.1829 0.360797 -0.016039
8.83285 0.347044 -0.0771425
7.89332 0.310129 -0.0965135
7.95288 0.31247 -0.125031
7.98237 0.313628 -0.153387
7.86191 0.308895 -0.17855
7.75136 0.304552 -0.203133
7.57082 0.297458 -0.22487
7.55002 0.296641 -0.250654
9.81928 0.418417 0.188711
9.97971 0.425253 0.156917
9.92026 0.42272 0.121314
9.8407 0.419329 0.0859566
8.97174 0.382302 0.0470189
8.86194 0.377623 0.0154808
9.05177 0.385712 -0.0158121
8.59188 0.366115 -0.0750482
8.59156 0.366102 -0.105065
8.1516 0.347354 -0.128172
8.14111 0.346907 -0.156459
7.87083 0.33539 -0.178777
7.95006 0.338766 -0.208369
7.4899 0.319158 -0.222496
7.58893 0.323378 -0.25198
10.3978 0.477615 0.163514
9.72901 0.446897 0.118993
9.21993 0.423512 0.0805462
9.72961 0.446924 0.0509983
9.18031 0.421692 0.0160393
8.98052 0.412515 -0.0156899
8.66075 0.397827 -0.0453965
8.52069 0.391393 -0.0744373
8.42049 0.386791 -0.102989
8.2303 0.378054 -0.129429
8.20983 0.377114 -0.157803
8.13932 0.373875 -0.184903
7.60936 0.349532 -0.199468
7.58865 0.348581 -0.225463
7.40811 0.340287 -0.246012
10.2264 0.501945 0.160844
9.36802 0.459812 0.114595
8.89895 0.436788 0.0777537
9.14886 0.449055 0.0479614
9.04909 0.444158 0.0158124
9.05908 0.444648 -0.0158296
8.77931 0.430916 -0.0460249
8.60931 0.422572 -0.0752227
8.599 0.422066 -0.105188
8.25904 0.405379 -0.1299
8.07878 0.396532 -0.155307
7.64882 0.375428 -0.173786
7.84786 0.385198 -0.205751
7.65741 0.375849 -0.227539
7.6366 0.374828 -0.253638
10.2147 0.535331 0.160687
9.86608 0.51706 0.0862184
9.18727 0.481484 0.0481708
9.28724 0.486724 0.0162313
9.16741 0.480443 -0.0160215
8.5881 0.450083 -0.04503
8.508 0.445885 -0.07435
8.59756 0.450579 -0.105188
8.18775 0.429102 -0.1288
7.66806 0.401866 -0.147436
7.46783 0.391372 -0.169702
7.60695 0.398663 -0.199468
7.45566 0.390735 -0.24767
10.5916 0.590308 0.203685
9.6543 0.538068 0.118138
9.02565 0.503032 0.0788881
9.76471 0.544222 0.0512077
9.22567 0.51418 0.0161266
8.6266 0.480791 -0.0150791
8.61651 0.480229 -0.0451871
8.60632 0.479661 -0.0752227
8.51615 0.474635 -0.10421
8.44585 0.470717 -0.132884
7.79646 0.434525 -0.149932
7.93564 0.442282 -0.180365
7.90502 0.440575 -0.207322
7.60401 0.423799 -0.252643
9.73231 0.574797 0.119115
9.81253 0.579534 0.0857821
8.93431 0.527666 0.0468619
8.8845 0.524725 0.0155332
9.174 0.541823 -0.016039
8.55497 0.505263 -0.0448729
8.73445 0.515862 -0.0763571
8.52451 0.503463 -0.104332
8.40432 0.496365 -0.132256
8.16427 0.482187 -0.157035
7.90419 0.466827 -0.179685
7.72389 0.456178 -0.20261
7.66243 0.452548 -0.254632
9.62021 0.59851 0.151419
9.57078 0.595435 0.11716
9.12201 0.567515 0.0797608
9.05237 0.563183 0.0474902
9.5116 0.591753 0.0166327
8.93271 0.555738 -0.0156201
9.08232 0.565046 -0.047648
8.78268 0.546404 -0.0767935
8.29335 0.515961 -0.101522
8.34284 0.51904 -0.131314
8.04296 0.500384 -0.154731
8.212 0.5109 -0.186718
7.90201 0.491614 -0.207322
7.51216 0.46736 -0.223386
7.63104 0.474756 -0.253638
10.0372 0.657874 0.158016
10.1674 0.666408 0.124491
9.31965 0.610842 0.0815061
9.0305 0.59189 0.0473855
9.14037 0.599092 0.0159869
9.09048 0.595822 -0.0158994
8.71119 0.570962 -0.0457107
8.65111 0.567024 -0.075659
8.23172 0.539536 -0.100789
7.74243 0.507466 -0.121889
8.08117 0.529668 -0.155499
7.77132 0.509359 -0.176735
7.79061 0.510623 -0.204442
7.53052 0.493576 -0.22398
7.32026 0.479795 -0.24336
9.5063 0.654742 0.149692
9.04789 0.623169 0.110808
9.18811 0.632827 0.0482232
9.10841 0.627337 0.0159346
8.58964 0.591607 -0.0150267
8.95865 0.617023 -0.0470197
8.32995 0.573721 -0.0728665
8.27977 0.570265 -0.1014
8.07986 0.556497 -0.12723
7.91977 0.545471 -0.152427
7.75961 0.53444 -0.176508
7.74898 0.533707 -0.203395
7.73825 0.532969 -0.230209
7.0195 0.483465 -0.233413
9.63455 0.695684 0.0842986
9.02638 0.651769 0.0473855
9.03646 0.652498 0.0158124
8.83698 0.638094 -0.0154631
8.96653 0.647448 -0.0470721
8.4776 0.612144 -0.0741755
8.44737 0.609961 -0.103477
8.36718 0.604171 -0.131785
8.09742 0.584692 -0.155883
7.90737 0.570969 -0.179911
7.91667 0.571641 -0.207845
7.34763 0.530552 -0.21864
7.10757 0.513218 -0.236397
9.94058 0.749181 0.156603
9.45249 0.712395 0.115817
9.15369 0.689876 0.0801098
9.13397 0.68839 0.0479614
8.97453 0.676374 0.0157077
9.12411 0.687647 -0.0159692
8.36616 0.630523 -0.0439305
8.06682 0.607963 -0.0705976
8.46536 0.638 -0.103722
8.58459 0.646986 -0.13524
7.79645 0.587587 -0.150124
7.60646 0.573268 -0.173105
7.72544 0.582235 -0.202871
7.77452 0.585934 -0.231396
7.55441 0.569345 -0.251317
9.77855 0.769589 0.15409
9.5501 0.75161 0.0836005
9.29114 0.731229 0.0487992
9.15169 0.720253 0.0160218
8.80277 0.692793 -0.0154107
8.68303 0.683369 -0.045606
8.17441 0.64334 -0.0715575
8.28376 0.651946 -0.101522
8.40298 0.661329 -0.132413
7.80442 0.614222 -0.150316
7.45502 0.586723 -0.169702
7.82312 0.615693 -0.205489
7.80243 0.614064 -0.232286
7.3532 0.57871 -0.244686
10.154 0.833027 0.195622
9.48695 0.778302 0.149534
10.1751 0.834754 0.124735
9.06941 0.744047 0.0476473
9.00972 0.73915 0.0157775
8.65092 0.709715 -0.0151489
8.67075 0.711342 -0.0455536
8.69047 0.71296 -0.0760953
7.93275 0.650797 -0.0972466
7.82275 0.641772 -0.123303
7.96178 0.653178 -0.153387
7.73203 0.634329 -0.176055
7.57196 0.621198 -0.198945
7.45167 0.61133 -0.221903
7.18191 0.589198 -0.239049
9.90275 0.845483 0.156132
9.36523 0.79959 0.114839
9.26616 0.791132 0.0486945
9.13674 0.780083 0.0160044
8.5987 0.734146 -0.0150617
8.67831 0.740942 -0.045606
7.95077 0.678826 -0.0696377
8.33904 0.711976 -0.102255
7.97002 0.680469 -0.125659
7.70056 0.657463 -0.148396
7.5207 0.642107 -0.17129
7.95831 0.67947 -0.209154
7.62887 0.651343 -0.227243
7.18987 0.613862 -0.239381
9.30325 0.823747 0.0815061
9.44293 0.836114 0.0496369
9.09441 0.805255 0.0159346
8.56647 0.75851 -0.0150093
8.70582 0.770848 -0.0457631
8.01832 0.709974 -0.0702486
8.15747 0.722295 -0.100056
7.68896 0.680812 -0.121261
7.80801 0.691352 -0.150508
7.86719 0.696592 -0.179231
7.69724 0.681544 -0.202348
7.56705 0.670017 -0.225463
7.41689 0.656721 -0.247007
9.44948 0.868286 0.115939
9.43987 0.867402 0.0827278
9.19115 0.844548 0.0483279
9.03194 0.829918 0.0158299
8.66349 0.796063 -0.0151838
8.34473 0.766773 -0.0438781
8.31466 0.76401 -0.0728665
7.98576 0.733788 -0.0979796
7.8161 0.718199 -0.123303
7.5269 0.691625 -0.145132
7.72546 0.70987 -0.176055
7.5058 0.689686 -0.197374
7.66432 0.704252 -0.228429
6.99666 0.642903 -0.233081
9.72527 0.926159 0.119359
9.35731 0.891117 0.0820297
9.53672 0.908203 0.0501605
9.059 0.862709 0.0158822
8.72053 0.830476 -0.0152885
8.54124 0.813401 -0.0449253
8.39171 0.799161 -0.0735646
8.262 0.786809 -0.1014
7.97294 0.759281 -0.125816
7.98241 0.760182 -0.153963
7.68325 0.731693 -0.175147
7.7025 0.733526 -0.20261
7.6918 0.732507 -0.229319
7.02434 0.668943 -0.234076
9.40371 0.927014 0.11545
9.48367 0.934896 0.0831641
8.65791 0.853493 0.0455529
8.24005 0.8123 0.0144511
8.71773 0.85939 -0.0152885
8.5584 0.843683 -0.04503
8.20989 0.809327 -0.0719939
8.00062 0.788697 -0.0982239
8.12959 0.801411 -0.128329
7.79079 0.768013 -0.150316
7.59124 0.748341 -0.173105
7.5707 0.746316 -0.199207
7.64954 0.754088 -0.228133
7.29063 0.718707 -0.243028
9.66888 0.983834 0.152676
9.38086 0.954527 0.115206
9.10265 0.926219 0.079848
9.30184 0.946487 0.0489562
8.62545 0.877662 0.0151317
8.60555 0.875638 -0.0150966
8.54576 0.869554 -0.0449777
8.43612 0.858397 -0.074001
8.03789 0.817877 -0.0987126
8.27624 0.842129 -0.130685
7.9276 0.806654 -0.153003
7.66842 0.780282 -0.17492
7.52853 0.766048 -0.19816
7.3488 0.74776 -0.219233
7.43748 0.756784 -0.248001
9.47743 0.996118 0.0831641
8.78151 0.922974 0.0462335
8.9109 0.936574 0.0156379
8.68216 0.912532 -0.0152362
8.0953 0.85085 -0.0426214
8.57245 0.901001 -0.0752227
8.54231 0.897833 -0.104943
7.79609 0.819402 -0.123146
8.17346 0.859066 -0.157803
7.77516 0.817202 -0.177416
7.53589 0.792054 -0.198421
7.51528 0.789887 -0.224276
7.23614 0.760549 -0.24137
9.71231 1.05338 0.119359
8.96707 0.972552 0.0787136
8.76846 0.951011 0.0461812
8.31125 0.901422 0.0145907
8.32119 0.902501 -0.0146079
8.47021 0.918663 -0.0446111
7.963 0.863652 -0.0698995
8.20129 0.889497 -0.100789
7.78339 0.844172 -0.122989
7.93201 0.860291 -0.153195
7.40466 0.803096 -0.169021
7.84131 0.850454 -0.206536
7.67161 0.832049 -0.229023
7.1839 0.779152 -0.239712
9.19203 1.0278 0.113007
8.97373 1.00339 0.0788008
9.04352 1.0112 0.0476473
9.20264 1.02899 0.0161615
8.36784 0.935646 -0.0146951
8.22861 0.920078 -0.0433545
7.92034 0.885609 -0.0695504
8.00949 0.895577 -0.0984683
7.7408 0.865534 -0.12236
7.68071 0.858815 -0.148396
7.58079 0.847643 -0.173105
7.47087 0.835352 -0.196851
7.33107 0.81972 -0.218936
7.39979 0.827404 -0.247007
10.3392 1.18897 0.236175
9.12915 1.04982 0.112274
9.39771 1.0807 0.0825533
8.782 1.0099 0.0462859
8.99073 1.0339 0.015795
8.99073 1.0339 -0.0157947
8.63299 0.992764 -0.0455013
8.37449 0.963037 -0.0735646
8.36425 0.96186 -0.102866
7.92677 0.911552 -0.125345
7.96602 0.916065 -0.153963
7.57809 0.871455 -0.173105
7.43841 0.855392 -0.196065
7.33838 0.843889 -0.219233
7.00992 0.806117 -0.234076
10.494 1.24205 0.239805
9.40366 1.113 0.115694
9.0763 1.07425 0.0797608
8.24236 0.975547 0.0434585
8.81843 1.04373 0.0154983
8.82837 1.04491 -0.0155154
8.68923 1.02844 -0.0458154
8.01376 0.948491 -0.0704231
8.23192 0.974312 -0.101278
7.9535 0.941359 -0.125816
7.536 0.891944 -0.145708
7.6248 0.902455 -0.17424
7.53481 0.891803 -0.198683
7.42488 0.878793 -0.221903
7.13624 0.844629 -0.238386
9.56819 1.16466 0.151419
9.67784 1.178 0.119115
9.79731 1.19255 0.0861312
9.13247 1.11162 0.0481708
8.26895 1.00651 0.0145383
8.73551 1.0633 -0.0153583
8.12988 0.989583 -0.0428832
7.9113 0.962977 -0.0695504
8.21872 1.0004 -0.101156
7.88085 0.959271 -0.124717
7.62233 0.927802 -0.147436
7.40344 0.901159 -0.169248
7.53181 0.916784 -0.198683
7.39216 0.899786 -0.221013
7.08379 0.862251 -0.236728
9.66431 1.20889 0.0849967
8.64253 1.08108 0.0456052
9.08915 1.13695 0.0159869
8.87085 1.10964 -0.0156027
8.46392 1.05874 -0.0446635
8.22558 1.02892 -0.0723429
8.24512 1.03137 -0.101522
7.87763 0.9854 -0.124717
7.52 0.940664 -0.145516
7.72777 0.966654 -0.176735
7.33034 0.91694 -0.193448
7.44865 0.931739 -0.222793
7.05114 0.882016 -0.235734
9.64914 1.2378 0.186791
9.68987 1.24302 0.119359
9.26373 1.18836 0.0815061
8.66884 1.11204 0.0457623
8.83757 1.13369 0.0155506
8.92684 1.14514 -0.0157074
8.54982 1.09677 -0.0451347
8.10329 1.03949 -0.0712957
7.91455 1.01528 -0.0974909
7.84474 1.00633 -0.124245
7.85418 1.00754 -0.152043
7.9131 1.0151 -0.181046
7.72404 0.990842 -0.203919
7.4556 0.956407 -0.22309
7.23669 0.928325 -0.242033
10.3678 1.36495 0.23731
10.0817 1.32729 0.159744
9.67578 1.27384 0.119237
9.73562 1.28172 0.0856948
9.03194 1.18908 0.0476996
8.87342 1.16821 0.0156204
8.4471 1.11208 -0.0148697
8.56597 1.12773 -0.0452395
8.19894 1.07941 -0.0721684
7.87148 1.0363 -0.0970022
7.66292 1.00884 -0.121418
7.65254 1.00748 -0.148204
7.1663 0.943462 -0.16403
7.23507 0.952515 -0.191092
7.50194 0.987648 -0.224573
6.99575 0.921008 -0.234076
10.5416 1.42341 0.241393
9.37376 1.26572 0.148592
9.40395 1.26979 0.115939
9.46375 1.27787 0.0833387
8.84957 1.19494 0.0467571
8.97851 1.21235 0.0158124
8.66138 1.16953 -0.0152536
8.73065 1.17888 -0.0461296
8.43314 1.13871 -0.0742628
7.70946 1.04099 -0.0950475
8.0658 1.08911 -0.127858
7.82751 1.05693 -0.151659
7.44054 1.00468 -0.170383
7.58851 1.02466 -0.200516
7.26088 0.980419 -0.217453
7.18085 0.969612 -0.240376
10.1704 1.40764 0.232999
9.85423 1.36388 0.191014
9.66665 1.33792 0.153304
9.64731 1.33524 0.118993
9.38022 1.29828 0.0826405
8.94461 1.23799 0.0472807
8.65746 1.19824 0.0152539
8.75651 1.21195 -0.0154282
8.42953 1.16669 -0.0445588
8.59771 1.18997 -0.0757463
7.83472 1.08437 -0.0966357
7.92348 1.09666 -0.125659
7.88338 1.09111 -0.152811
7.48669 1.0362 -0.171517
7.2682 1.00596 -0.192139
7.3269 1.01408 -0.21953
7.5043 1.03864 -0.251317
9.11867 1.29129 0.0803716
8.54463 1.21 0.0451864
8.93088 1.26469 0.0157426
8.41602 1.19178 -0.0148348
8.41592 1.19177 -0.0445064
8.2276 1.1651 -0.0725175
8.01939 1.13562 -0.0989569
7.821 1.10752 -0.124088
7.65223 1.08362 -0.148396
7.39431 1.0471 -0.169475
7.48276 1.05962 -0.197898
7.28409 1.03149 -0.218343
7.40204 1.04819 -0.248001
9.18361 1.33156 0.0809825
9.07498 1.31581 0.0480138
8.52088 1.23547 0.015027
8.68913 1.25986 -0.0153234
8.37234 1.21393 -0.044297
8.29296 1.20242 -0.0731283
8.17391 1.18516 -0.100912
7.91623 1.1478 -0.125659
7.71786 1.11904 -0.14974
7.65793 1.11035 -0.175601
7.3308 1.06292 -0.193971
7.5675 1.09724 -0.226946
7.11168 1.03114 -0.238386
9.17915 1.36201 0.0809825
9.07057 1.3459 0.0480138
8.9223 1.3239 0.0157426
8.39804 1.24611 -0.0148173
8.20011 1.21674 -0.0434068
8.28893 1.22992 -0.0731283
8.16994 1.21226 -0.100912
7.91238 1.17404 -0.125659
7.71411 1.14462 -0.14974
7.65421 1.13574 -0.175601
7.32724 1.08722 -0.193971
7.56382 1.12232 -0.226946
7.10822 1.05472 -0.238386
9.39208 1.42545 0.0829023
9.26378 1.40598 0.049061
8.91786 1.35348 0.0157426
8.39386 1.27395 -0.0148173
8.19603 1.24392 -0.0434068
8.45288 1.2829 -0.0746118
8.11644 1.23184 -0.100301
7.84913 1.19127 -0.124717
7.73004 1.1732 -0.150124
7.61086 1.15511 -0.174693
7.63986 1.15951 -0.202348
7.17464 1.08891 -0.215376
7.25291 1.10078 -0.24336
9.7708 1.51435 0.224378
9.48638 1.47026 0.083775
9.08145 1.40751 0.0481185
8.99262 1.39374 0.0158822
8.69616 1.34779 -0.0153583
8.45889 1.31102 -0.0448206
8.28081 1.28342 -0.0731283
8.0236 1.24355 -0.0992013
7.82559 1.21286 -0.124402
7.78559 1.20667 -0.151276
7.23177 1.12083 -0.166072
7.40897 1.14829 -0.196327
7.54654 1.16961 -0.22665
7.06176 1.09448 -0.23706
10.0422 1.59053 0.23073
9.58974 1.51887 0.118626
9.10614 1.44227 0.0804589
8.86932 1.40476 0.0470189
8.73115 1.38288 0.0154284
8.73115 1.38288 -0.0154282
8.33598 1.32029 -0.0441923
8.13824 1.28897 -0.0719066
7.9898 1.26546 -0.0988348
7.80178 1.23568 -0.124088
7.66305 1.21371 -0.148972
7.74148 1.22613 -0.17787
7.64209 1.21039 -0.20261
7.76969 1.2306 -0.233473
7.24565 1.1476 -0.24336
10.0277 1.62234 0.195046
9.34775 1.51233 0.115694
9.3777 1.51718 0.0829023
9.08179 1.4693 0.0481708
9.02267 1.45974 0.015952
8.65742 1.40064 -0.015306
8.57834 1.38785 -0.0455013
7.95624 1.2872 -0.0703358
8.24221 1.33347 -0.102011
7.68906 1.24398 -0.12236
7.86625 1.27265 -0.153003
7.27353 1.17675 -0.167206
7.4604 1.20699 -0.197898
7.62742 1.23401 -0.229319
7.54765 1.2211 -0.253638
10.4753 1.73042 0.24094
10.0519 1.66048 0.195622
10.0032 1.65243 0.159273
9.37228 1.54821 0.116061
9.71793 1.60531 0.0859566
8.87954 1.46681 0.0471237
8.69219 1.43587 0.0153761
8.49486 1.40327 -0.0150267
8.58356 1.41792 -0.0455536
8.05059 1.32988 -0.0712085
7.9615 1.31516 -0.0985904
7.81314 1.29066 -0.124402
7.70415 1.27265 -0.149932
7.54577 1.24649 -0.173559
7.4465 1.23009 -0.197636
7.43591 1.22834 -0.223683
7.0801 1.16956 -0.238055
9.84945 1.65884 0.191782
9.98808 1.68219 0.159116
9.53499 1.60588 0.118138
8.82558 1.4864 0.0468619
9.02291 1.51963 0.0159695
8.73694 1.47147 -0.0154631
8.26351 1.39173 -0.0438781
8.32247 1.40166 -0.0736519
7.82915 1.31858 -0.0970022
7.64143 1.28696 -0.121732
7.73955 1.30349 -0.1507
7.808 1.31502 -0.179685
7.33416 1.23521 -0.194757
7.59958 1.27992 -0.228726
7.22423 1.2167 -0.243028
8.67277 1.49026 0.0460765
8.93898 1.536 0.0158299
8.4462 1.45132 -0.0149569
8.30812 1.4276 -0.0441399
7.77574 1.33612 -0.0688523
7.87401 1.353 -0.0976131
7.97216 1.36987 -0.127073
7.84358 1.34777 -0.152811
7.52771 1.2935 -0.173332
7.62559 1.31032 -0.20261
7.45738 1.28141 -0.224573
7.0133 1.20511 -0.236065
9.50397 1.66555 0.151576
9.3173 1.63283 0.115572
8.91403 1.56216 0.0473855
8.58909 1.50522 0.015219
8.60879 1.50867 -0.0152536
8.0374 1.40853 -0.0427262
8.20465 1.43784 -0.072692
7.86948 1.3791 -0.0976131
8.05622 1.41183 -0.128486
7.64211 1.33926 -0.148972
7.42491 1.3012 -0.171063
7.18796 1.25967 -0.191092
7.28571 1.2768 -0.21953
7.0388 1.23353 -0.23706
10.3337 1.84629 0.238217
9.93088 1.77432 0.193702
9.57714 1.71112 0.152833
9.03622 1.61448 0.112151
8.96764 1.60223 0.079499
8.83005 1.57764 0.0469666
8.84 1.57942 0.0156728
8.42655 1.50555 -0.0149395
8.20003 1.46508 -0.0436163
8.14077 1.45449 -0.0721684
7.99282 1.42806 -0.0992013
8.1007 1.44733 -0.129272
7.39157 1.32063 -0.144172
7.40087 1.32229 -0.17061
7.34119 1.31163 -0.19528
7.24208 1.29392 -0.218343
6.91661 1.23577 -0.233081
10.2393 1.86264 0.236175
8.93305 1.62502 0.0792372
8.55941 1.55705 0.0455529
9.02193 1.64119 0.0160044
8.51032 1.54812 -0.0150966
8.77586 1.59643 -0.0467056
8.15584 1.48364 -0.0723429
8.24408 1.49969 -0.102378
7.78132 1.41551 -0.124245
7.40705 1.34743 -0.144556
7.65241 1.39206 -0.176508
7.44522 1.35437 -0.19816
7.01179 1.27552 -0.21152
7.05035 1.28254 -0.237723
10.6459 1.9731 0.245704
9.50771 1.76215 0.0843858
8.99666 1.66743 0.0479091
8.65263 1.60367 0.0153586
7.93485 1.47064 -0.0140843
8.02325 1.48702 -0.0427262
7.82641 1.45054 -0.0694632
7.87528 1.4596 -0.0978574
7.39316 1.37024 -0.118119
7.77611 1.44122 -0.151851
7.46098 1.38281 -0.172198
7.6471 1.41731 -0.203657
7.39082 1.36981 -0.22309
7.2033 1.33505 -0.243028
9.34323 1.76373 0.182568
8.66628 1.63594 0.107753
8.97121 1.69351 0.0796735
8.38185 1.58225 0.0446628
8.28369 1.56372 0.0147129
8.47039 1.59897 -0.0150442
8.13619 1.53588 -0.0433545
8.47991 1.60076 -0.07531
7.85075 1.482 -0.0976131
7.75211 1.46338 -0.123931
7.43725 1.40394 -0.145324
7.41706 1.40013 -0.17129
7.36731 1.39074 -0.196327
7.17015 1.35352 -0.216563
7.28722 1.37562 -0.246012
9.50483 1.8269 0.152048
9.09287 1.74772 0.113129
9.02446 1.73457 0.0801971
8.5435 1.64213 0.0455529
8.79893 1.69122 0.0156379
7.92493 1.52323 -0.0140843
8.43548 1.62136 -0.0449777
8.02284 1.54205 -0.0712957
8.13056 1.56276 -0.101156
7.76686 1.49285 -0.124245
7.57983 1.4569 -0.148204
7.5891 1.45868 -0.175374
7.12706 1.36987 -0.190045
7.01839 1.34899 -0.212113
7.04706 1.3545 -0.238055
8.58737 1.67855 0.0458147
8.64636 1.69008 0.0153761
8.43044 1.64788 -0.0149918
8.94068 1.74761 -0.0477004
8.2633 1.61521 -0.0734774
7.96859 1.5576 -0.0992013
7.64437 1.49422 -0.12236
7.59484 1.48454 -0.148588
7.36862 1.44032 -0.170383
7.33856 1.43445 -0.195804
7.22993 1.41322 -0.21864
7.26837 1.42073 -0.24568
9.37618 1.86504 0.0500558
8.48378 1.68753 0.0150968
8.28762 1.64851 -0.0147475
8.41502 1.67385 -0.0449253
8.15001 1.62114 -0.0725175
7.95357 1.58206 -0.0990791
7.96299 1.58394 -0.127544
7.52124 1.49607 -0.147244
7.63835 1.51936 -0.176735
7.31415 1.45488 -0.19528
7.13697 1.41963 -0.21597
7.13619 1.41948 -0.24137
9.77012 1.9771 0.191398
9.72172 1.96731 0.155817
9.11456 1.84444 0.113618
8.71305 1.76319 0.0775791
8.90929 1.8029 0.0475949
8.53694 1.72755 0.0152016
8.2037 1.66012 -0.0146079
8.27221 1.67398 -0.0441923
7.91917 1.60254 -0.0705104
8.09529 1.63818 -0.100912
7.32069 1.48143 -0.117334
7.57503 1.5329 -0.148396
7.4079 1.49908 -0.171517
7.15252 1.4474 -0.191092
7.14202 1.44527 -0.216266
7.33716 1.48476 -0.248333
10.2042 2.10019 0.200037
9.39196 1.93302 0.150634
9.30427 1.91497 0.116061
9.27523 1.90899 0.0826405
8.60942 1.77196 0.0460241
8.73686 1.79819 0.0155681
8.18835 1.6853 -0.0145904
8.50168 1.74978 -0.0454489
8.33497 1.71547 -0.0742628
7.88414 1.62269 -0.0983461
7.71727 1.58834 -0.123774
7.51115 1.54592 -0.147244
7.54977 1.55387 -0.17492
7.37288 1.51746 -0.197113
7.16656 1.475 -0.217156
6.83294 1.40633 -0.231424
10.0605 2.10359 0.19735
9.60115 2.00753 0.15409
8.74063 1.82761 0.0779282
8.54508 1.78672 0.0457099
9.1227 1.90749 0.0162662
8.47667 1.77241 -0.015114
8.17313 1.70895 -0.043721
7.69332 1.60862 -0.0685905
7.78113 1.62698 -0.0971244
7.67309 1.60439 -0.123146
7.67263 1.60429 -0.150508
7.22192 1.51005 -0.167433
7.20173 1.50583 -0.192662
7.01513 1.46682 -0.212706
6.94588 1.45234 -0.235402
9.95571 2.11615 0.19543
9.4673 2.01234 0.152048
8.49947 1.80662 0.106165
9.22358 1.96053 0.0822915
8.83255 1.87742 0.0472807
8.9696 1.90655 0.0160044
8.05992 1.71319 -0.014381
8.20655 1.74436 -0.0439305
7.79554 1.65699 -0.0695504
7.81482 1.66109 -0.0976131
7.52103 1.59864 -0.12079
7.52057 1.59855 -0.147628
7.35378 1.56309 -0.17061
7.30426 1.55257 -0.195542
7.31332 1.5545 -0.221903
6.93125 1.47328 -0.235071
9.94864 2.14915 0.19543
9.46058 2.04372 0.152048
9.82267 2.12194 0.12278
9.41251 2.03334 0.0840368
8.23981 1.78001 0.0441392
8.5918 1.85604 0.0153412
8.57225 1.85182 -0.015306
7.98568 1.72511 -0.0427785
7.91707 1.71028 -0.0706849
7.63334 1.64899 -0.095414
7.60364 1.64258 -0.122203
7.54454 1.62981 -0.148204
7.34855 1.58747 -0.17061
7.29907 1.57678 -0.195542
7.30813 1.57874 -0.221903
6.92633 1.49626 -0.235071
9.81558 2.1545 0.12278
9.40572 2.06454 0.0840368
8.23387 1.80732 0.0441392
8.58559 1.88452 0.0153412
8.56606 1.88024 -0.015306
7.97992 1.75158 -0.0427785
7.91135 1.73653 -0.0706849
7.62783 1.6743 -0.095414
7.59816 1.66778 -0.122203
7.5391 1.65482 -0.148204
7.48972 1.64398 -0.174013
7.45979 1.63741 -0.199992
7.11735 1.56225 -0.216266
7.09705 1.55779 -0.241039
9.30079 2.07216 0.149692
9.46716 2.10922 0.118504
8.61857 1.92016 0.0462335
8.78461 1.95715 0.0157077
8.11112 1.80711 -0.0145032
8.58929 1.91364 -0.0460772
8.20843 1.82878 -0.0733901
7.67133 1.70912 -0.0960249
8.0223 1.78732 -0.129115
7.75832 1.7285 -0.152619
7.53331 1.67837 -0.175147
7.23019 1.61084 -0.193971
6.97582 1.55417 -0.212113
7.44331 1.65832 -0.252975
10.2685 2.32352 0.202149
9.46941 2.14271 0.152519
8.92372 2.01923 0.111785
8.73873 1.97737 0.07819
8.6024 1.94652 0.0461812
8.21237 1.85827 0.0146954
8.56349 1.93772 -0.0153234
7.86115 1.7788 -0.0422026
7.92923 1.7942 -0.0709467
7.62661 1.72573 -0.0955362
7.71401 1.7455 -0.124245
7.85006 1.77629 -0.154539
7.45945 1.6879 -0.173559
7.16631 1.62157 -0.192401
7.18511 1.62582 -0.21864
7.17457 1.62344 -0.244023
9.335 2.14486 0.183911
9.47199 2.17634 0.152676
9.47245 2.17644 0.118749
9.19992 2.11382 0.0823787
8.87853 2.03998 0.0476996
8.34261 1.91684 0.0149398
8.55702 1.96611 -0.0153234
8.26454 1.8989 -0.0444017
8.03044 1.84512 -0.0719066
7.97167 1.83162 -0.0999343
7.79588 1.79122 -0.125659
7.25947 1.66798 -0.143021
7.30766 1.67905 -0.170156
7.4142 1.70353 -0.199207
7.2089 1.65636 -0.21953
6.9646 1.60022 -0.23706
9.88283 2.30526 0.194854
9.54262 2.22591 0.153933
9.00751 2.10108 0.113007
8.65726 2.01939 0.0775791
8.92041 2.08077 0.0479614
8.06353 1.88089 0.0144511
8.50176 1.98311 -0.0152362
8.4627 1.974 -0.0455013
7.94637 1.85357 -0.0712085
8.01425 1.8694 -0.100545
7.54646 1.76028 -0.121732
7.4389 1.73519 -0.146668
7.58439 1.76913 -0.176735
7.27222 1.69631 -0.195542
7.01842 1.63711 -0.213893
6.93005 1.6165 -0.236065
9.64261 2.28119 0.15566
9.03978 2.13858 0.113495
8.99146 2.12715 0.0806334
8.68028 2.05353 0.0467048
8.64146 2.04435 0.0154983
8.65119 2.04665 -0.0155154
8.08667 1.9131 -0.0435116
8.18378 1.93607 -0.0733901
7.89157 1.86694 -0.0990791
7.82307 1.85074 -0.126287
7.29719 1.72633 -0.143981
7.69555 1.82057 -0.179458
7.41278 1.75367 -0.199468
7.13969 1.68907 -0.21775
6.97357 1.64977 -0.237723
9.23637 2.21746 0.14922
8.77984 2.10785 0.110319
8.25531 1.98192 0.0444533
8.80966 2.11501 0.0158124
8.48878 2.03797 -0.0152362
8.01222 1.92356 -0.043145
8.05092 1.93285 -0.0722557
7.96311 1.91177 -0.100056
7.52521 1.80664 -0.121575
7.66086 1.83921 -0.151276
7.36867 1.76906 -0.171971
7.47496 1.79458 -0.201301
7.22153 1.73374 -0.22042
6.65707 1.59822 -0.227113
9.9764 2.43014 0.197158
9.70499 2.36403 0.156917
9.05455 2.20559 0.113862
8.80227 2.14414 0.0790626
8.91908 2.17259 0.0480661
8.42368 2.05191 0.0151317
8.3751 2.04008 -0.0150442
8.02523 1.95486 -0.0432498
7.73357 1.88381 -0.0694632
8.15104 1.9855 -0.1025
7.74262 1.88602 -0.125188
7.75186 1.88827 -0.153195
7.41133 1.80532 -0.173105
7.02219 1.71053 -0.189259
7.21574 1.75767 -0.22042
6.76826 1.64867 -0.231092
10.0168 2.4752 0.198117
8.66818 2.14195 0.140267
9.32869 2.30516 0.117405
8.9019 2.1997 0.0800226
8.43614 2.08461 0.0455005
7.98967 1.97429 0.0143638
8.18383 2.02226 -0.0147126
8.15461 2.01504 -0.0439828
8.07675 1.9958 -0.0726047
8.0085 1.97894 -0.100789
7.55189 1.86611 -0.122203
7.45437 1.84201 -0.147436
7.57029 1.87065 -0.176962
7.14264 1.76498 -0.192662
6.95757 1.71925 -0.212706
6.95681 1.71906 -0.237723
10.7153 2.68354 0.289256
9.99856 2.50405 0.233907
10.2418 2.56495 0.202725
9.38885 2.35135 0.152048
8.90432 2.23 0.112151
8.92405 2.23494 0.0802844
8.53625 2.13782 0.0460765
8.91467 2.2326 0.0160393
8.15804 2.0431 -0.0146777
8.20644 2.05523 -0.044297
8.11894 2.03331 -0.0730411
7.91495 1.98222 -0.0996899
7.56539 1.89468 -0.122517
7.67162 1.92128 -0.151851
7.51589 1.88228 -0.175828
7.40858 1.85541 -0.199992
6.92305 1.73381 -0.211816
6.9126 1.73119 -0.236397
9.72929 2.47092 0.192742
9.35192 2.37509 0.151576
9.25546 2.35059 0.116672
9.28488 2.35806 0.0836005
8.55819 2.1735 0.0462335
8.78122 2.23015 0.0158124
8.90722 2.26215 -0.016039
8.40312 2.13412 -0.0453965
7.86016 1.99623 -0.0707722
8.13124 2.06507 -0.1025
7.77227 1.97391 -0.125973
7.23882 1.83843 -0.143405
7.5193 1.90966 -0.176055
7.28612 1.85044 -0.196851
6.92695 1.75922 -0.212113
7.10056 1.80331 -0.243028
10.0301 2.58277 0.235041
9.80818 2.52561 0.19447
9.741 2.50831 0.158016
9.23794 2.37877 0.11655
8.96713 2.30904 0.080808
8.88988 2.28915 0.0480661
8.55104 2.2019 0.015411
8.56073 2.20439 -0.0154282
8.44441 2.17444 -0.0456583
8.00844 2.06218 -0.0721684
7.8048 2.00974 -0.0984683
7.63981 1.96725 -0.123931
7.49411 1.92974 -0.148588
7.37738 1.89968 -0.172878
7.17345 1.84717 -0.193971
6.98884 1.79963 -0.21419
6.87193 1.76953 -0.235402
10.0215 2.61601 0.235041
9.79975 2.55812 0.19447
9.73262 2.5406 0.158016
9.23 2.4094 0.11655
8.95942 2.33876 0.080808
8.88224 2.31862 0.0480661
8.54369 2.23024 0.015411
8.55337 2.23277 -0.0154282
8.43716 2.20243 -0.0456583
8.00156 2.08872 -0.0721684
7.79809 2.03561 -0.0984683
7.63324 1.99258 -0.123931
7.48767 1.95458 -0.148588
7.37104 1.92413 -0.172878
7.16729 1.87095 -0.193971
6.98283 1.8228 -0.21419
6.86602 1.7923 -0.235402
10.2645 2.71393 0.24094
9.94632 2.62979 0.197542
8.96093 2.36925 0.145608
9.00971 2.38215 0.113862
8.9327 2.36179 0.0806334
8.7589 2.31584 0.0474378
8.63332 2.28263 0.0155855
8.07259 2.13438 -0.014573
8.33352 2.20337 -0.0451347
8.09163 2.13941 -0.0730411
7.99466 2.11377 -0.101034
7.51094 1.98588 -0.122046
7.3075 1.93209 -0.145132
7.64525 2.02139 -0.179458
7.2097 1.90623 -0.19528
6.93842 1.8345 -0.213003
6.87968 1.81897 -0.236065
10.2555 2.74795 0.24094
9.78302 2.62135 0.19447
9.63875 2.5827 0.15676
9.44605 2.53106 0.119482
9.18561 2.46128 0.0829896
8.35514 2.23875 0.0452911
8.92514 2.39148 0.0161266
8.38422 2.24655 -0.0151489
8.11366 2.17405 -0.0439828
7.91063 2.11965 -0.0714703
7.98761 2.14027 -0.101034
7.73611 2.07288 -0.125816
7.47489 2.00289 -0.148588
7.33915 1.96652 -0.172425
7.10678 1.90426 -0.192662
7.08678 1.8989 -0.21775
6.99911 1.87541 -0.240376
9.96653 2.70598 0.23436
9.66814 2.62496 0.192358
9.48539 2.57535 0.154404
9.09021 2.46805 0.115084
8.66593 2.35286 0.0783645
8.83985 2.40008 0.0479614
8.39603 2.27958 0.0151841
8.10651 2.20097 -0.0146602
8.14501 2.21142 -0.0441923
7.77811 2.11181 -0.0703358
7.78747 2.11435 -0.0985904
7.48796 2.03303 -0.121889
7.71908 2.09578 -0.153579
7.45801 2.0249 -0.175374
7.24513 1.9671 -0.196589
6.9261 1.88048 -0.213003
6.72279 1.82528 -0.231092
10.2563 2.82121 0.241393
10.1414 2.7896 0.201957
9.64069 2.65187 0.157074
8.89879 2.44779 0.112762
9.08231 2.49827 0.0822042
8.1762 2.24903 0.044401
8.45592 2.32597 0.0153063
8.03167 2.20928 -0.0145381
8.19549 2.25434 -0.0445064
7.93496 2.18267 -0.0718193
7.99252 2.19851 -0.101278
7.61615 2.09498 -0.124088
7.6446 2.1028 -0.152235
7.34522 2.02045 -0.172878
7.23857 1.99112 -0.196589
7.06439 1.9432 -0.217453
6.85161 1.88467 -0.235734
10.0837 2.80783 0.237537
9.70878 2.70344 0.19351
9.51672 2.64996 0.155189
9.08371 2.52938 0.115206
9.16111 2.55094 0.0829896
8.4581 2.35518 0.0459717
8.26553 2.30156 0.0149747
8.1403 2.26669 -0.0147475
7.88973 2.19692 -0.0428832
8.15926 2.27197 -0.0739137
7.6388 2.12704 -0.09688
7.59989 2.11621 -0.123931
7.45495 2.07585 -0.148588
7.33884 2.04352 -0.172878
7.19376 2.00312 -0.195542
7.19306 2.00293 -0.221606
6.98045 1.94372 -0.240376
10.2675 2.89574 0.204837
9.72922 2.74392 0.158802
8.98866 2.53506 0.114106
8.46928 2.38859 0.0767937
8.93146 2.51893 0.0485897
8.3156 2.34524 0.0150794
8.2771 2.33438 -0.0150093
8.20963 2.31536 -0.0446635
7.80521 2.2013 -0.0707722
7.95891 2.24465 -0.101034
7.74681 2.18483 -0.126444
7.62124 2.14941 -0.152043
7.2358 2.04071 -0.17061
7.25443 2.04596 -0.197374
7.04207 1.98607 -0.217156
6.55072 1.84749 -0.225787
9.84445 2.8117 0.196582
9.61431 2.74597 0.157074
9.01866 2.57584 0.114595
8.94207 2.55397 0.081157
8.70191 2.48537 0.0473855
8.48086 2.42224 0.0153935
8.14431 2.32612 -0.0147824
8.02883 2.29313 -0.043721
8.05748 2.30132 -0.0731283
7.96104 2.27377 -0.101156
7.72029 2.20501 -0.12613
7.45064 2.12799 -0.14878
7.40203 2.11411 -0.174693
7.23799 2.06726 -0.197113
6.96817 1.9902 -0.21508
6.75598 1.92959 -0.233081
9.37406 2.711 0.187367
9.83568 2.8445 0.160844
9.42311 2.72519 0.119848
8.55892 2.47526 0.0777537
8.58795 2.48366 0.0468095
8.30947 2.40312 0.0150968
8.34789 2.41423 -0.0151664
8.38622 2.42532 -0.0457107
8.17468 2.36414 -0.0742628
7.88622 2.28071 -0.100301
7.54004 2.1806 -0.123303
7.3571 2.12769 -0.147052
7.27973 2.10532 -0.171971
7.2599 2.09958 -0.197898
6.98073 2.01885 -0.215673
7.05678 2.04084 -0.243691
9.36549 2.74044 0.187367
9.82669 2.87539 0.160844
9.41451 2.75478 0.119848
8.5511 2.50214 0.0777537
8.5801 2.51062 0.0468095
8.30188 2.42921 0.0150968
8.34027 2.44045 -0.0151664
8.37856 2.45165 -0.0457107
8.16721 2.38981 -0.0742628
7.87901 2.30548 -0.100301
7.53316 2.20428 -0.123303
7.35038 2.15079 -0.147052
7.27308 2.12818 -0.171971
7.25327 2.12238 -0.197898
6.97436 2.04077 -0.215673
7.05033 2.063 -0.243691
9.93082 2.94164 0.235041
9.94113 2.9447 0.199077
9.10811 2.69794 0.116061
8.55235 2.53332 0.0778409
8.44709 2.50214 0.0461288
8.61019 2.55045 0.0156728
8.48554 2.51353 -0.0154456
8.02521 2.37718 -0.0438257
7.73738 2.29192 -0.0704231
7.74669 2.29467 -0.0987126
7.63126 2.26048 -0.125031
7.46783 2.21207 -0.149548
7.61107 2.2545 -0.180138
7.15993 2.12087 -0.195542
7.02506 2.08092 -0.217453
6.59305 1.95295 -0.228108
9.95931 2.98604 0.235948
9.58654 2.87428 0.192166
9.44346 2.83138 0.154875
9.0608 2.71665 0.115572
9.00366 2.69951 0.0820297
8.63031 2.58758 0.047176
8.73578 2.6192 0.0159171
8.22811 2.46699 -0.0149918
7.57667 2.27167 -0.0414171
7.76805 2.32905 -0.0707722
7.7103 2.31173 -0.0983461
7.39386 2.21686 -0.121261
7.68072 2.30287 -0.153963
7.02898 2.10746 -0.166526
7.13371 2.13886 -0.195018
7.23833 2.17023 -0.224276
7.04607 2.11258 -0.244023
9.7109 2.94669 0.194854
8.68772 2.63622 0.142623
8.75512 2.65667 0.111785
8.72673 2.64806 0.0795862
8.21979 2.49423 0.0449769
8.42084 2.55524 0.0153586
8.23903 2.50007 -0.0150267
7.80832 2.36937 -0.0427262
7.80813 2.36931 -0.0712085
7.98008 2.42149 -0.101889
7.79789 2.36621 -0.128015
7.47213 2.26736 -0.149932
7.27068 2.20623 -0.172425
7.07874 2.14799 -0.19371
7.13544 2.16519 -0.22131
7.24943 2.19978 -0.251317
9.79717 3.00652 0.196774
8.88969 2.72803 0.146079
9.24381 2.8367 0.118138
9.0912 2.78987 0.0829896
8.7377 2.68139 0.0478567
8.51793 2.61395 0.0155506
8.08773 2.48193 -0.014765
8.31707 2.55231 -0.0455536
7.85801 2.41143 -0.0717321
7.91507 2.42895 -0.101156
7.68528 2.35843 -0.126287
7.59878 2.33189 -0.152619
7.42619 2.27892 -0.176281
7.2631 2.22887 -0.198945
7.01394 2.15241 -0.21775
6.91762 2.12285 -0.240044
10.3775 3.2223 0.284544
10.1588 3.15439 0.241393
9.64392 2.99452 0.193894
9.80684 3.04511 0.161315
9.53994 2.96223 0.122047
8.91 2.76663 0.0814188
8.43271 2.61843 0.0462335
8.32776 2.58584 0.015219
8.36596 2.5977 -0.0152885
7.94566 2.46719 -0.0435639
7.64942 2.37521 -0.0698995
7.84013 2.43442 -0.100301
7.41959 2.30384 -0.122046
7.39049 2.29481 -0.148588
7.03669 2.18495 -0.167206
7.13155 2.21441 -0.195542
7.24541 2.24976 -0.225166
6.78646 2.10725 -0.235734
9.82399 3.08619 0.23368
9.36686 2.94258 0.188519
9.35789 2.93976 0.15409
8.84321 2.77808 0.113251
9.28237 2.91604 0.0849094
8.55754 2.68833 0.0469666
8.4527 2.6554 0.0154633
7.92799 2.49056 -0.0145032
8.18548 2.57145 -0.0449253
7.80368 2.45151 -0.071383
7.5649 2.3765 -0.09688
7.54546 2.37039 -0.124245
7.39238 2.3223 -0.14878
7.28692 2.28917 -0.173332
7.06695 2.22007 -0.193971
7.05673 2.21685 -0.21953
6.61734 2.07882 -0.230097
9.89065 3.1432 0.199269
9.60538 3.05254 0.158331
9.0436 2.87401 0.115939
8.44354 2.68332 0.0773173
8.28174 2.6319 0.0455005
8.42479 2.67736 0.0154284
8.20559 2.6077 -0.0150267
8.19596 2.60464 -0.04503
7.85269 2.49555 -0.0719066
7.42357 2.35917 -0.0951697
7.59473 2.41357 -0.125188
7.39417 2.34983 -0.148972
6.93629 2.20432 -0.165165
6.81185 2.16477 -0.187165
6.99218 2.22208 -0.21775
6.79138 2.15827 -0.236397
9.88073 3.17426 0.199269
9.59574 3.0827 0.158331
9.03453 2.90241 0.115939
8.43507 2.70983 0.0773173
8.27343 2.6579 0.0455005
8.41634 2.70381 0.0154284
8.19736 2.63346 -0.0150267
8.18774 2.63037 -0.04503
7.84481 2.5202 -0.0719066
7.41612 2.38248 -0.0951697
7.58711 2.43742 -0.125188
7.38675 2.37305 -0.148972
6.92933 2.2261 -0.165165
6.80501 2.18616 -0.187165
6.98516 2.24404 -0.21775
6.78457 2.17959 -0.236397
9.91769 3.22245 0.200229
9.65203 3.13614 0.15943
8.53985 2.77477 0.109708
8.93959 2.90465 0.0820297
8.34065 2.71004 0.0459194
8.15054 2.64827 0.0149572
8.35977 2.71626 -0.0153409
7.96975 2.58953 -0.0438781
7.8269 2.54311 -0.0718193
7.95024 2.58319 -0.102133
7.82623 2.5429 -0.129272
7.23621 2.35119 -0.146092
7.11207 2.31085 -0.169702
7.0259 2.28285 -0.193448
7.08225 2.30116 -0.221013
6.87236 2.23296 -0.239712
9.79297 3.21787 0.197926
9.65108 3.17125 0.159587
9.30007 3.05591 0.119604
9.09141 2.98734 0.0835132
8.51212 2.797 0.0469142
8.26522 2.71587 0.0151841
8.03721 2.64095 -0.014765
8.03711 2.64091 -0.044297
8.06542 2.65021 -0.0740882
7.54265 2.47844 -0.0970022
7.58028 2.4908 -0.125345
7.44684 2.44695 -0.150508
7.32282 2.4062 -0.17492
7.2937 2.39664 -0.201039
6.98912 2.29655 -0.218343
6.62754 2.17774 -0.231424
9.7348 3.23456 0.196966
9.04272 3.00461 0.149692
8.97674 2.98268 0.115572
8.54055 2.83775 0.0785391
8.82545 2.93242 0.0486945
8.12331 2.69912 0.0149398
8.05688 2.67704 -0.0148173
8.19913 2.72431 -0.0452395
7.64854 2.54136 -0.0703358
7.78111 2.58541 -0.100179
7.36322 2.44656 -0.121889
7.51459 2.49686 -0.152043
7.25788 2.41156 -0.173559
7.12444 2.36723 -0.196589
7.08581 2.35439 -0.221606
6.4875 2.15559 -0.226782
9.6772 3.24922 0.196006
9.80102 3.29079 0.162415
9.00557 3.02371 0.0829023
8.52232 2.86146 0.0470713
8.27595 2.77873 0.0152365
7.48912 2.51455 -0.0137876
8.19053 2.75005 -0.0452395
7.85854 2.63859 -0.0723429
7.91513 2.65759 -0.102011
7.6683 2.57471 -0.127073
7.65835 2.57137 -0.155115
7.25974 2.43753 -0.173786
7.17383 2.40869 -0.19816
7.13523 2.39573 -0.223386
6.86915 2.30639 -0.240376
10.5631 3.58569 0.331075
10.5641 3.58604 0.292135
9.75158 3.31022 0.197734
9.4776 3.21721 0.157231
9.18454 3.11773 0.118504
8.73036 2.96356 0.0804589
8.33287 2.82863 0.0460765
8.60758 2.92188 0.0158648
8.38032 2.84473 -0.0154456
8.02986 2.72577 -0.0444017
7.86869 2.67106 -0.0725175
7.61275 2.58418 -0.0982239
7.61238 2.58405 -0.126287
7.48884 2.54212 -0.151851
7.35575 2.49694 -0.176281
7.15634 2.42925 -0.197898
6.96634 2.36475 -0.218343
6.40719 2.17495 -0.224461
9.82495 3.3715 0.235722
9.65544 3.31333 0.196006
9.56145 3.28108 0.158802
9.17415 3.14817 0.118504
8.92857 3.0639 0.0823787
8.55991 2.93739 0.0473855
8.21004 2.81733 0.0151492
8.04925 2.76215 -0.0148522
8.00186 2.74589 -0.044297
7.62333 2.616 -0.0703358
7.54739 2.58994 -0.0974909
7.6416 2.62227 -0.126916
7.33851 2.51826 -0.148972
7.0732 2.42722 -0.169702
6.88349 2.36212 -0.190568
7.07191 2.42677 -0.221903
7.04278 2.41678 -0.247007
9.81287 3.40377 0.271979
9.81371 3.40406 0.235722
9.6444 3.34533 0.196006
9.55052 3.31277 0.158802
9.16366 3.17858 0.118504
8.91836 3.09349 0.0823787
8.55012 2.96576 0.0473855
8.20066 2.84454 0.0151492
8.04004 2.78883 -0.0148522
7.99271 2.77241 -0.044297
7.61462 2.64126 -0.0703358
7.53876 2.61495 -0.0974909
7.63286 2.64759 -0.126916
7.33012 2.54258 -0.148972
7.06512 2.45066 -0.169702
6.87562 2.38493 -0.190568
7.06383 2.45021 -0.221903
7.03472 2.44012 -0.247007
10.2445 3.58959 0.322175
9.91534 3.47425 0.27512
9.91619 3.47454 0.238444
9.86974 3.45827 0.200805
9.08713 3.18405 0.151262
9.43673 3.30654 0.122169
8.79535 3.08181 0.0813316
8.81444 3.0885 0.0489039
8.64467 3.02902 0.0159869
7.94631 2.78431 -0.0146951
8.02171 2.81073 -0.0445064
7.98376 2.79744 -0.0738264
7.7853 2.7279 -0.100789
7.57732 2.65503 -0.12613
7.17113 2.5127 -0.1459
7.16117 2.50921 -0.172198
6.87753 2.40982 -0.19083
6.99949 2.45256 -0.220123
6.92327 2.42585 -0.24336
10.3467 3.66394 0.287423
10.3475 3.66426 0.249107
9.33986 3.30742 0.190247
9.49123 3.36102 0.158174
8.99213 3.18428 0.11655
9.115 3.22779 0.0843858
8.20087 2.90408 0.0455529
8.59688 3.04431 0.0159171
8.18212 2.89744 -0.0151489
8.10661 2.8707 -0.04503
7.79535 2.76048 -0.0721684
7.85162 2.7804 -0.101767
7.51193 2.66011 -0.125188
7.19103 2.54648 -0.146476
6.87951 2.43616 -0.165618
7.32181 2.59279 -0.203395
6.95363 2.46241 -0.218936
6.89634 2.44212 -0.242696
9.54535 3.41585 0.194662
9.10347 3.25772 0.151891
9.02859 3.23093 0.11716
9.076 3.24789 0.0841241
8.80318 3.15026 0.0489562
8.64323 3.09302 0.0160218
7.76761 2.77968 -0.0143985
8.05938 2.88409 -0.0448206
8.08743 2.89413 -0.0749609
7.31514 2.61776 -0.0949253
7.58779 2.71533 -0.126601
7.54967 2.70169 -0.153963
7.04083 2.51959 -0.169702
7.14376 2.55643 -0.198683
6.90778 2.47198 -0.21775
6.49298 2.32355 -0.228771
9.46815 3.42369 0.193318
9.15843 3.31169 0.15299
8.63229 3.12144 0.112151
9.20623 3.32898 0.085433
8.30368 3.00261 0.0462335
8.41663 3.04345 0.0156204
8.56709 3.09786 -0.0158994
7.68302 2.77818 -0.0427785
7.89912 2.85632 -0.0733029
7.70136 2.78481 -0.100056
7.64456 2.76428 -0.127701
7.42785 2.68591 -0.151659
7.29568 2.63812 -0.176055
7.18225 2.5971 -0.199992
7.05935 2.55266 -0.222793
6.75781 2.44362 -0.238386
9.82362 3.58716 0.200805
9.6082 3.5085 0.160687
8.78212 3.20685 0.114228
8.97969 3.27899 0.0834259
8.69811 3.17617 0.048485
8.05008 2.93954 0.0149572
8.3037 3.03215 -0.0154282
7.92787 2.89491 -0.0441923
7.61771 2.78166 -0.0707722
7.56107 2.76098 -0.0983461
7.25076 2.64766 -0.121261
7.17519 2.62007 -0.146668
7.06197 2.57873 -0.17061
7.02381 2.56479 -0.195804
6.93862 2.53368 -0.219233
6.87214 2.50941 -0.242696
9.81096 3.61945 0.23731
9.81167 3.61972 0.200805
9.59651 3.54034 0.160687
8.77143 3.23595 0.114228
8.96877 3.30875 0.0834259
8.68753 3.205 0.048485
8.04029 2.96622 0.0149572
8.2936 3.05967 -0.0154282
7.91823 2.92119 -0.0441923
7.60844 2.8069 -0.0707722
7.55188 2.78603 -0.0983461
7.24194 2.67169 -0.121261
7.16646 2.64385 -0.146668
7.05338 2.60213 -0.17061
7.01527 2.58807 -0.195804
6.93018 2.55668 -0.219233
6.86379 2.53218 -0.242696
9.86363 3.67609 0.275644
9.68648 3.61007 0.234587
9.68719 3.61033 0.198501
9.14437 3.40803 0.153304
9.52897 3.55137 0.124246
9.20137 3.42927 0.0856948
8.4426 3.14649 0.047176
8.29278 3.09065 0.0154459
7.85237 2.92651 -0.0146253
8.01157 2.98584 -0.0447682
7.77712 2.89847 -0.0724302
7.9736 2.97169 -0.103966
7.38295 2.75156 -0.123774
7.50429 2.79679 -0.153771
7.32575 2.73025 -0.177416
7.20336 2.68463 -0.201301
6.8842 2.56568 -0.218046
6.89281 2.56889 -0.244023
9.96365 3.75105 0.278785
9.68382 3.64569 0.234814
9.68452 3.64596 0.198693
8.871 3.33969 0.148906
8.40353 3.1637 0.109708
8.72202 3.28361 0.0813316
9.03107 3.39995 0.050527
7.91749 2.98072 0.0147652
8.31056 3.1287 -0.015498
8.04842 3.03001 -0.04503
7.92656 2.98414 -0.0739137
7.71104 2.903 -0.100667
7.41122 2.79012 -0.124402
7.29848 2.74768 -0.14974
7.23245 2.72282 -0.175374
7.25055 2.72964 -0.202871
6.77275 2.54976 -0.214783
6.79072 2.55652 -0.240707
9.86856 3.75069 0.239578
9.86929 3.75096 0.202725
9.18759 3.49187 0.154404
9.50584 3.61283 0.124246
8.39386 3.1902 0.0783645
8.84274 3.36081 0.0495322
8.74003 3.32177 0.0163185
8.02961 3.05177 -0.0149918
7.86125 2.98778 -0.0440352
7.97323 3.03034 -0.0744373
7.98229 3.03378 -0.104332
7.43045 2.82405 -0.124874
7.10289 2.69956 -0.1459
7.27993 2.76684 -0.176735
7.09243 2.69558 -0.198683
6.97027 2.64915 -0.22131
6.9695 2.64886 -0.247338
10.1165 3.88338 0.283759
9.7814 3.75473 0.237763
9.78212 3.755 0.201189
9.75471 3.74448 0.164142
9.26976 3.55833 0.121314
8.77532 3.36853 0.0820297
8.73819 3.35428 0.0490086
7.68335 2.94936 0.0143638
7.88874 3.0282 -0.0147475
7.80463 2.99591 -0.0437734
7.91646 3.03884 -0.074001
7.7108 2.9599 -0.100912
7.29036 2.79851 -0.122675
7.31792 2.80909 -0.150508
7.15872 2.74797 -0.174013
7.13011 2.73699 -0.199992
7.06409 2.71165 -0.224573
7.06332 2.71135 -0.250985
10.1036 3.9169 0.283759
9.7689 3.78715 0.237763
9.76961 3.78742 0.201189
9.74224 3.77681 0.164142
9.25791 3.58905 0.121314
8.87599 3.44099 0.0830769
8.31678 3.2242 0.0467048
8.3635 3.24231 0.0156553
8.15837 3.16279 -0.0152711
7.74803 3.00371 -0.0435116
7.94363 3.07954 -0.07435
7.74756 3.00352 -0.101522
7.70989 2.98892 -0.1299
7.30857 2.83334 -0.150508
7.14957 2.7717 -0.174013
7.121 2.76062 -0.199992
7.05506 2.73506 -0.224573
7.05429 2.73476 -0.250985
9.73684 3.81191 0.273811
9.63527 3.77214 0.234814
9.63597 3.77242 0.198693
9.50621 3.72161 0.160373
8.81765 3.45205 0.115694
8.86453 3.4704 0.0830769
8.30604 3.25176 0.0467048
8.3527 3.27002 0.0156553
8.14784 3.18982 -0.0152711
7.73803 3.02938 -0.0435116
7.93338 3.10586 -0.07435
7.73755 3.0292 -0.101522
7.69993 3.01447 -0.1299
6.95466 2.7227 -0.143405
6.94484 2.71886 -0.169248
7.25143 2.83889 -0.203919
6.95288 2.722 -0.221606
6.95211 2.7217 -0.24767
9.84568 3.89023 0.277214
9.78143 3.86485 0.238671
9.78215 3.86513 0.201957
9.0853 3.58979 0.153461
9.12295 3.60466 0.119848
8.88148 3.50926 0.0833387
8.63059 3.41012 0.0485897
7.71926 3.05004 0.014486
8.33309 3.29257 -0.0156376
7.66337 3.02796 -0.043145
8.08168 3.19324 -0.0758335
7.43971 2.93958 -0.0977352
7.57884 2.99455 -0.128015
7.49469 2.96131 -0.154731
7.17801 2.83618 -0.175147
7.32615 2.89471 -0.206274
6.78625 2.68139 -0.216563
6.78551 2.6811 -0.242033
9.19285 3.66757 0.224605
9.38853 3.74565 0.194086
9.38911 3.74587 0.158802
9.34313 3.72753 0.122902
7.85743 3.1348 0.0738267
8.47063 3.37944 0.047752
7.94131 3.16826 0.0149223
7.84843 3.13121 -0.0147475
8.1084 3.23492 -0.0457107
7.84814 3.13109 -0.0737392
7.69926 3.07169 -0.101278
7.37384 2.94186 -0.124717
7.0948 2.83054 -0.146668
6.77856 2.70437 -0.165618
7.06582 2.81898 -0.199207
6.77733 2.70388 -0.216563
6.77658 2.70358 -0.242033
9.77413 3.9371 0.239125
8.65269 3.48538 0.179112
8.65321 3.48559 0.14655
9.18231 3.69871 0.120948
9.04352 3.64281 0.085084
8.69126 3.50092 0.049061
8.26469 3.32909 0.0155506
7.838 3.15721 -0.0147475
7.6895 3.0974 -0.0434068
7.58728 3.05622 -0.071383
7.68903 3.09721 -0.101278
7.1229 2.86917 -0.120633
7.31722 2.94744 -0.151467
7.2425 2.91734 -0.177189
6.84316 2.75648 -0.193186
6.79614 2.73754 -0.217453
6.79539 2.73724 -0.243028
9.76102 3.96949 0.239125
8.64108 3.51405 0.179112
9.12324 3.71013 0.154718
8.68834 3.53327 0.114595
8.56824 3.48443 0.0807207
8.04045 3.26979 0.0454482
8.46666 3.44312 0.015952
8.01276 3.25853 -0.0150966
7.86445 3.19822 -0.0444541
7.91057 3.21698 -0.0745246
7.76208 3.15659 -0.102378
7.29859 2.9681 -0.123774
7.28889 2.96416 -0.151084
6.95496 2.82836 -0.170383
6.83398 2.77916 -0.193186
6.78702 2.76006 -0.217453
6.78628 2.75976 -0.243028
9.57277 3.92803 0.234814
9.11098 3.73854 0.189095
9.11154 3.73877 0.154718
8.6772 3.56055 0.114595
8.55725 3.51133 0.0807207
8.03014 3.29504 0.0454482
8.4558 3.4697 0.015952
8.00248 3.28369 -0.0150966
7.85436 3.22291 -0.0444541
7.90042 3.24181 -0.0745246
7.75212 3.18096 -0.102378
7.28923 2.99102 -0.123774
7.27954 2.98704 -0.151084
6.94604 2.85019 -0.170383
6.86221 2.8158 -0.194233
6.86154 2.81552 -0.220123
6.91627 2.83798 -0.248001
8.40575 3.48178 0.174697
8.40627 3.48199 0.142937
8.91477 3.69262 0.117893
8.50861 3.52438 0.0803716
8.21318 3.40201 0.0465477
8.52739 3.53216 0.0161091
7.93611 3.28725 -0.0149918
7.99145 3.31017 -0.0452918
7.73258 3.20294 -0.0730411
7.26115 3.00767 -0.0960249
7.15918 2.96543 -0.121732
7.38967 3.0609 -0.153579
7.14899 2.96121 -0.175601
6.64042 2.75055 -0.188212
6.63977 2.75028 -0.2133
6.92529 2.86855 -0.248664
8.99375 3.76032 0.187175
8.99429 3.76055 0.153147
9.07776 3.79545 0.120215
8.88435 3.71458 0.0840368
8.47863 3.54495 0.0481185
8.34957 3.49099 0.015795
8.16505 3.41384 -0.0154456
7.82359 3.27107 -0.0444017
7.80494 3.26328 -0.0738264
7.64783 3.19759 -0.101278
7.45373 3.11644 -0.126916
6.96439 2.91184 -0.14494
7.33283 3.06588 -0.180365
7.08318 2.96151 -0.201039
7.08249 2.96122 -0.227836
6.69443 2.79897 -0.240707
9.57006 4.03862 0.235722
9.14703 3.8601 0.190631
9.14759 3.86033 0.155974
9.03749 3.81387 0.119848
8.60481 3.63128 0.0815061
8.71558 3.67802 0.0495322
8.21817 3.46811 0.0155681
8.4485 3.56531 -0.0160041
8.03381 3.39031 -0.0456583
7.60982 3.21139 -0.0720811
7.87671 3.32401 -0.104455
7.38808 3.11781 -0.125973
7.02839 2.96602 -0.146476
7.33183 3.09407 -0.180592
7.00885 2.95777 -0.199207
7.00817 2.95748 -0.22576
6.81403 2.87556 -0.245349
9.55733 4.06866 0.235722
9.13486 3.88881 0.190631
9.13542 3.88905 0.155974
9.02546 3.84224 0.119848
8.59336 3.65829 0.0815061
8.70398 3.70538 0.0495322
8.20724 3.49391 0.0155681
8.43726 3.59184 -0.0160041
8.02312 3.41553 -0.0456583
7.5997 3.23528 -0.0720811
7.86623 3.34874 -0.104455
7.37825 3.14101 -0.125973
7.01903 2.98808 -0.146476
7.32207 3.11709 -0.180592
6.99952 2.97978 -0.199207
6.99884 2.97949 -0.22576
6.80496 2.89695 -0.245349
9.69994 4.16742 0.239578
9.01168 3.87172 0.188327
9.01223 3.87196 0.15409
9.41691 4.04582 0.125224
8.98544 3.86045 0.0853458
8.41601 3.6158 0.0479614
8.50799 3.65532 0.0161615
7.96591 3.42242 -0.0151315
7.81881 3.35922 -0.0445588
7.52461 3.23283 -0.0714703
7.23035 3.1064 -0.096147
7.22081 3.1023 -0.12346
6.9356 2.97977 -0.14494
6.95346 2.98744 -0.171744
7.01716 3.01481 -0.199992
7.01648 3.01452 -0.22665
6.76777 2.90766 -0.244354
9.04466 3.92147 0.189287
9.04521 3.92171 0.154875
8.93556 3.87417 0.118993
8.19296 3.5522 0.0467571
7.77102 3.36926 0.0147827
7.95451 3.44882 -0.0151315
7.93607 3.44082 -0.0452918
8.00927 3.47256 -0.0761826
7.16496 3.1065 -0.095414
7.54073 3.26942 -0.129115
7.07244 3.06638 -0.148012
7.10862 3.08207 -0.175828
6.91541 2.9983 -0.197374
6.91473 2.99801 -0.223683
6.80394 2.94997 -0.246012
9.46978 4.14315 0.27067
9.37899 4.10343 0.232318
9.10488 3.9835 0.190822
8.78482 3.84347 0.150634
8.78525 3.84366 0.11716
8.52906 3.73157 0.0812443
7.99791 3.49919 0.0457099
8.33698 3.64754 0.0158822
8.03465 3.51526 -0.015306
7.90629 3.45911 -0.0451871
7.77784 3.40291 -0.0740882
7.49357 3.27854 -0.0999343
7.16343 3.13409 -0.122832
7.20879 3.15394 -0.151084
7.23575 3.16573 -0.179231
6.9329 3.03323 -0.19816
6.93223 3.03294 -0.224573
6.60183 2.88839 -0.239049
9.45671 4.17288 0.27067
9.84167 4.34275 0.244116
9.05573 3.99594 0.190055
8.64464 3.81454 0.148435
8.64506 3.81473 0.11545
8.51729 3.75835 0.0812443
8.72792 3.85129 0.0499511
8.37122 3.69389 0.0159695
7.96867 3.51627 -0.0152013
7.74901 3.41933 -0.0443493
7.64818 3.37485 -0.0729538
7.59301 3.3505 -0.1014
7.30906 3.2252 -0.125502
7.17141 3.16446 -0.150508
6.88734 3.03912 -0.170836
7.10625 3.13571 -0.203395
7.10556 3.13541 -0.230506
6.87618 3.03419 -0.249327
9.87204 4.39532 0.282973
9.82722 4.37536 0.244116
9.04243 4.02595 0.190055
8.63194 3.84319 0.148435
8.63236 3.84337 0.11545
8.50478 3.78657 0.0812443
8.7151 3.88021 0.0499511
8.35893 3.72163 0.0159695
7.95697 3.54267 -0.0152013
7.73762 3.44501 -0.0443493
7.63695 3.40019 -0.0729538
7.58186 3.37566 -0.1014
7.29833 3.24942 -0.125502
7.16088 3.18823 -0.150508
6.87723 3.06194 -0.170836
7.09582 3.15926 -0.203395
7.09512 3.15895 -0.230506
6.86608 3.05698 -0.249327
9.42051 4.23177 0.23436
9.36648 4.2075 0.197158
8.90189 3.9988 0.153304
8.90233 3.999 0.119237
8.51955 3.82705 0.0815061
8.60185 3.86402 0.0493751
8.05464 3.61821 0.015411
7.86308 3.53216 -0.0150442
7.7444 3.47885 -0.0444541
7.4432 3.34355 -0.0712085
7.25138 3.25738 -0.0971244
7.08685 3.18347 -0.122046
6.99522 3.14231 -0.147244
6.90351 3.10111 -0.171744
6.63848 2.98206 -0.190568
6.63783 2.98177 -0.21597
7.00178 3.14526 -0.254632
10.0612 4.55973 0.289256
9.39801 4.25917 0.198117
9.00698 4.08195 0.155346
9.00741 4.08215 0.120825
7.98795 3.62013 0.0153063
8.161 3.69856 -0.0156376
7.95142 3.60358 -0.0457107
7.87836 3.57047 -0.0754845
7.75057 3.51255 -0.103966
7.36769 3.33903 -0.127073
7.09404 3.21501 -0.149548
7.01157 3.17764 -0.174693
7.01097 3.17737 -0.201563
6.72806 3.04915 -0.219233
6.79104 3.07769 -0.247338
9.92863 4.5373 0.285853
9.44755 4.31745 0.235722
8.85716 4.04765 0.186983
8.8577 4.04789 0.15299
8.85813 4.04809 0.118993
8.37642 3.82795 0.0803716
8.59491 3.9278 0.0494798
7.06701 3.22956 0.013561
7.94015 3.62858 -0.0152362
7.83092 3.57866 -0.0450824
7.60335 3.47467 -0.0729538
7.73949 3.53688 -0.103966
7.07524 3.23333 -0.122203
7.29306 3.33287 -0.153963
6.85606 3.13316 -0.171063
6.85548 3.1329 -0.197374
6.89118 3.14921 -0.22487
6.6268 3.02839 -0.241702
9.91352 4.5702 0.285853
9.43318 4.34876 0.235722
8.84368 4.07699 0.186983
8.84422 4.07724 0.15299
8.84465 4.07744 0.118993
8.36368 3.85571 0.0803716
8.58183 3.95628 0.0494798
7.05626 3.25298 0.013561
7.92808 3.65489 -0.0152362
7.81901 3.60461 -0.0450824
7.59179 3.49986 -0.0729538
7.72772 3.56253 -0.103966
7.06448 3.25677 -0.122203
7.28197 3.35703 -0.153963
6.84564 3.15588 -0.171063
6.84505 3.15561 -0.197374
6.8807 3.17204 -0.22487
6.61672 3.05035 -0.241702
9.24714 4.30023 0.195814
8.83972 4.11076 0.153147
8.84015 4.11097 0.119115
8.6138 4.0057 0.0829023
8.65028 4.02267 0.0499511
8.00659 3.72333 0.015411
7.73456 3.59683 -0.0148871
7.62566 3.54619 -0.0440352
7.70708 3.58405 -0.0741755
7.29879 3.39418 -0.0983461
7.2259 3.36029 -0.125188
7.02602 3.26733 -0.14878
6.65383 3.09425 -0.166526
6.65326 3.09399 -0.192139
6.91546 3.21592 -0.226353
6.86032 3.19028 -0.250985
9.83858 4.61501 0.246612
9.24189 4.33512 0.196006
8.59068 4.02965 0.149063
8.5911 4.02985 0.115939
8.4013 3.94082 0.0809825
8.14801 3.82201 0.0471237
7.76786 3.64369 0.0149747
7.79502 3.65643 -0.0150267
7.69534 3.60968 -0.0445064
8.03917 3.77096 -0.0774916
7.50476 3.52028 -0.101278
7.02462 3.29506 -0.121889
7.02419 3.29486 -0.148972
6.95127 3.26065 -0.17424
6.95068 3.26038 -0.201039
7.0586 3.311 -0.231396
6.75922 3.17057 -0.24767
9.39926 4.44502 0.235948
9.1288 4.31711 0.193894
8.91242 4.21478 0.154875
8.91285 4.21499 0.120459
8.58775 4.06124 0.0829023
8.0999 3.83053 0.0156379
8.22646 3.89039 -0.0158819
7.65684 3.62101 -0.0443493
7.91881 3.74489 -0.0764444
7.62926 3.60796 -0.103111
7.40291 3.50092 -0.128643
6.97765 3.29981 -0.148204
6.77831 3.20554 -0.170156
6.77774 3.20527 -0.196327
6.79515 3.2135 -0.22309
6.89379 3.26015 -0.252975
9.38447 4.47616 0.235948
9.11443 4.34736 0.193894
8.89839 4.24432 0.154875
8.89883 4.24452 0.120459
8.57423 4.0897 0.0829023
8.08715 3.85737 0.0156379
8.21351 3.91765 -0.0158819
7.64479 3.64638 -0.0443493
7.90635 3.77113 -0.0764444
7.61725 3.63324 -0.103111
7.39126 3.52545 -0.128643
6.96667 3.32293 -0.148204
6.76765 3.228 -0.170156
6.76707 3.22773 -0.196327
6.78445 3.23602 -0.22309
6.88294 3.28299 -0.252975
8.82066 4.2432 0.187943
8.57792 4.12643 0.149534
8.57833 4.12663 0.116305
8.14641 3.91885 0.0157775
7.64176 3.67609 -0.0147999
7.63266 3.67171 -0.0443493
7.38917 3.55458 -0.0715575
7.62318 3.66715 -0.103355
7.19031 3.45892 -0.125345
7.40611 3.56273 -0.157803
7.06322 3.39778 -0.17787
7.06262 3.39749 -0.205227
6.95384 3.34516 -0.229023
7.01612 3.37512 -0.258279
9.13037 4.42953 0.194854
8.44724 4.09811 0.147492
8.44765 4.09831 0.114717
8.50194 4.12465 0.082466
7.22466 3.50499 -0.0140145
7.39552 3.58788 -0.0430403
7.55728 3.66636 -0.0733029
7.63797 3.7055 -0.103722
7.1788 3.48274 -0.125345
6.85453 3.32542 -0.146284
6.92599 3.36009 -0.174693
6.92539 3.3598 -0.201563
6.83479 3.31585 -0.225463
6.70815 3.25441 -0.247338
9.11642 4.4582 0.194854
8.43432 4.12463 0.147492
8.48863 4.15119 0.11545
8.48894 4.15134 0.082466
7.21361 3.52767 -0.0140145
7.38421 3.6111 -0.0430403
7.54572 3.69008 -0.0733029
7.62629 3.72948 -0.103722
7.16782 3.50528 -0.125345
6.84405 3.34694 -0.146284
6.9154 3.38183 -0.174693
6.91481 3.38154 -0.201563
6.82434 3.3373 -0.225463
6.69789 3.27547 -0.247338
9.21815 4.54589 0.19735
8.77033 4.32505 0.153618
7.83856 3.86555 0.0457623
7.84762 3.87002 -0.0152711
7.76681 3.83017 -0.0453442
7.64107 3.76816 -0.07435
7.7484 3.82109 -0.105554
6.98578 3.445 -0.12236
6.94948 3.42711 -0.14878
6.71585 3.31189 -0.169929
6.71527 3.31161 -0.196065
6.76841 3.33781 -0.22398
6.63321 3.27114 -0.245349
8.76436 4.3583 0.187943
8.54107 4.24726 0.149849
7.9601 3.95836 -0.0155154
7.33323 3.64663 -0.0428832
7.5748 3.76676 -0.0738264
7.35965 3.65977 -0.100423
7.08175 3.52157 -0.124245
7.14398 3.55252 -0.153195
6.79435 3.37866 -0.172198
6.79377 3.37837 -0.198683
6.80205 3.38249 -0.225463
6.73866 3.35097 -0.249659
8.74986 4.38734 0.187943
8.61632 4.32038 0.151419
8.16138 4.09226 0.0478043
8.66207 4.34331 0.0169119
7.81285 3.9175 -0.0152536
7.45519 3.73816 -0.0436687
7.25835 3.63947 -0.0708594
7.62457 3.82309 -0.10421
7.18623 3.6033 -0.126287
7.20366 3.61205 -0.154731
7.06015 3.54008 -0.179231
7.05955 3.53978 -0.206798
6.77293 3.39607 -0.22487
6.95981 3.48977 -0.258279
8.73603 4.4148 0.187943
8.60271 4.34743 0.151419
8.14848 4.11788 0.0478043
8.64838 4.37051 0.0169119
7.8005 3.94203 -0.0152536
7.44341 3.76157 -0.0436687
7.24688 3.66225 -0.0708594
7.61252 3.84703 -0.10421
7.17487 3.62586 -0.126287
7.19228 3.63466 -0.154731
7.04899 3.56225 -0.179231
7.04839 3.56194 -0.206798
6.76223 3.41733 -0.22487
6.94881 3.51162 -0.258279
9.15719 4.66582 0.233226
9.10441 4.63893 0.196198
9.11387 4.64375 0.160687
8.88267 4.52595 0.121803
8.883 4.52611 0.0870038
8.01014 4.08137 0.0156902
8.17052 4.16309 -0.0160041
7.618 3.88157 -0.0447682
7.50199 3.82245 -0.0734774
7.23443 3.68613 -0.0992013
7.02917 3.58154 -0.123931
6.94857 3.54047 -0.14974
6.94806 3.54021 -0.176962
6.76933 3.44915 -0.198945
6.76867 3.44881 -0.225463
6.68778 3.40759 -0.248996
9.43513 4.84691 0.240713
9.31131 4.78331 0.200997
9.10732 4.67852 0.160844
8.53853 4.38632 0.117283
8.53884 4.38648 0.083775
8.20104 4.21295 0.0482756
8.07661 4.14903 0.0158473
7.97877 4.09877 -0.015655
7.96088 4.08958 -0.0468626
7.85395 4.03465 -0.0770553
7.3289 3.76493 -0.100667
7.43527 3.81957 -0.131314
7.10576 3.6503 -0.153387
7.10524 3.65003 -0.181273
6.63337 3.40762 -0.19528
6.77498 3.48037 -0.226056
6.69422 3.43889 -0.249659
9.419 4.87818 0.240713
9.29539 4.81416 0.200997
9.09175 4.70869 0.160844
8.52393 4.41461 0.117283
8.52425 4.41477 0.083775
8.18703 4.24013 0.0482756
8.06281 4.17579 0.0158473
7.96513 4.12521 -0.015655
7.94728 4.11596 -0.0468626
7.84053 4.06067 -0.0770553
7.31638 3.78921 -0.100667
7.42256 3.8442 -0.131314
7.09362 3.67384 -0.153387
7.0931 3.67357 -0.181273
6.62203 3.4296 -0.19528
6.7634 3.50282 -0.226056
6.68278 3.46107 -0.249659
9.20932 4.80633 0.199461
9.006 4.70022 0.159587
8.34159 4.35347 0.114961
8.3419 4.35363 0.0821169
8.78536 4.58507 0.0518884
8.30674 4.33528 0.0163534
7.34043 3.83096 -0.0144508
7.77473 4.05762 -0.0459202
7.37562 3.84933 -0.0726047
7.15374 3.73353 -0.0985904
7.1268 3.71947 -0.126287
7.09977 3.70536 -0.153771
7.09925 3.70509 -0.181726
6.78847 3.54289 -0.200516
6.84984 3.57492 -0.229319
6.51239 3.39881 -0.243691
9.19333 4.83684 0.199461
8.67181 4.56246 0.153933
8.37136 4.40439 0.115572
8.37166 4.40455 0.0825533
8.23912 4.33481 0.0487468
8.15957 4.29296 0.0160917
8.00913 4.2138 -0.0157947
7.60194 3.99957 -0.0449777
7.58406 3.99016 -0.0747864
7.56608 3.98071 -0.104455
7.2737 3.82688 -0.129115
7.00781 3.68699 -0.152043
7.0073 3.68672 -0.179685
6.88284 3.62124 -0.203657
6.78487 3.56969 -0.227539
6.58953 3.46692 -0.247007
9.1949 4.87667 0.199845
8.58597 4.55371 0.152676
8.56872 4.54456 0.118504
8.56903 4.54473 0.0846476
8.28664 4.39496 0.0163709
8.06578 4.27782 -0.0159343
7.61514 4.03882 -0.0451347
7.59728 4.02935 -0.0750482
7.13765 3.78557 -0.0987126
7.02247 3.72449 -0.124874
7.09271 3.76174 -0.154155
7.09219 3.76146 -0.18218
6.92379 3.67215 -0.205227
6.82598 3.62027 -0.229319
6.60449 3.5028 -0.248001
9.17868 4.90714 0.199845
8.57082 4.58216 0.152676
8.5536 4.57295 0.118504
8.55391 4.57312 0.0846476
8.27202 4.42242 0.0163709
8.05155 4.30455 -0.0159343
7.6017 4.06405 -0.0451347
7.58388 4.05452 -0.0750482
7.12506 3.80922 -0.0987126
7.01008 3.74775 -0.124874
7.08019 3.78524 -0.154155
7.07967 3.78496 -0.18218
6.91157 3.69509 -0.205227
6.81393 3.64289 -0.229319
6.59284 3.52468 -0.248001
8.89035 4.78896 0.193894
8.75004 4.71338 0.156132
8.14304 4.38641 0.113007
8.14334 4.38657 0.0807207
8.21397 4.42462 0.0488515
8.09081 4.35828 0.0160393
8.13483 4.38199 -0.0161263
7.46564 4.02152 -0.0444017
7.52709 4.05461 -0.0746118
7.34194 3.95488 -0.101889
6.96306 3.75079 -0.124245
7.09467 3.82169 -0.154731
7.09415 3.82141 -0.182861
6.88233 3.7073 -0.204704
6.52085 3.51259 -0.219826
6.78411 3.65439 -0.255627
9.15559 4.97108 0.200037
8.54983 4.64218 0.152833
8.38329 4.55175 0.11655
8.3836 4.55192 0.0832514
8.30471 4.50909 0.0494798
8.04995 4.37077 0.0159869
7.90055 4.28965 -0.0156899
7.80379 4.23711 -0.0464961
7.40815 4.0223 -0.0735646
7.17061 3.89332 -0.0996899
7.15269 3.88359 -0.127858
6.76564 3.67345 -0.14782
6.76515 3.67318 -0.174693
6.73822 3.65855 -0.200777
6.64972 3.6105 -0.224573
6.62264 3.5958 -0.249991
9.13905 5.00141 0.200037
8.53439 4.67051 0.152833
8.36815 4.57953 0.11655
8.36845 4.5797 0.0832514
8.28971 4.5366 0.0494798
8.03541 4.39744 0.0159869
7.88628 4.31583 -0.0156899
7.7897 4.26297 -0.0464961
7.39477 4.04684 -0.0735646
7.15766 3.91708 -0.0996899
7.13977 3.90729 -0.127858
6.75343 3.69586 -0.14782
6.75293 3.69559 -0.174693
6.72605 3.68088 -0.200777
6.63771 3.63253 -0.224573
6.61068 3.61774 -0.249991
8.99985 4.96409 0.19735
9.02666 4.97888 0.161943
8.12527 4.48169 0.113373
8.12557 4.48185 0.0809825
8.11701 4.47713 0.0485374
8.26596 4.55929 0.0164756
7.70556 4.25019 -0.0153583
7.36397 4.06178 -0.0440352
7.17116 3.95543 -0.0714703
7.51237 4.14363 -0.104821
6.93416 3.8247 -0.124402
6.87245 3.79067 -0.1507
6.87195 3.79039 -0.178096
6.67004 3.67902 -0.199468
6.41557 3.53866 -0.217453
6.43237 3.54793 -0.243691
9.72636 5.40473 0.25251
9.05413 5.03119 0.198885
8.82744 4.90522 0.158645
8.88031 4.9346 0.124124
8.88063 4.93478 0.0886619
8.17283 4.54147 0.0489562
8.11174 4.50752 0.0161964
7.37749 4.09951 -0.0147301
7.5697 4.20632 -0.0453442
7.59574 4.22079 -0.0758335
7.41191 4.11864 -0.103599
7.09691 3.9436 -0.127544
6.96538 3.87052 -0.153003
6.96488 3.87023 -0.180819
6.73709 3.74366 -0.201824
6.38694 3.54909 -0.21686
6.52602 3.62637 -0.24767
9.70838 5.43695 0.25251
9.03739 5.06118 0.198885
8.81112 4.93447 0.158645
8.8639 4.96402 0.124124
8.86422 4.9642 0.0886619
8.15773 4.56855 0.0489562
8.09675 4.5344 0.0161964
7.36385 4.12396 -0.0147301
7.55571 4.2314 -0.0453442
7.5817 4.24596 -0.0758335
7.39821 4.1432 -0.103599
7.08379 3.96711 -0.127544
6.95251 3.89359 -0.153003
6.952 3.89331 -0.180819
6.72464 3.76598 -0.201824
6.37514 3.57025 -0.21686
6.51396 3.64799 -0.24767
9.2898 5.24308 0.242074
9.1947 5.18941 0.202725
8.57702 4.84079 0.154718
8.4294 4.75748 0.11826
8.44713 4.76748 0.0846476
8.44733 4.7676 0.0507888
7.96846 4.49733 0.0159695
7.55915 4.26632 -0.0151489
7.1933 4.05983 -0.0432498
7.61983 4.30056 -0.0763571
7.11448 4.01535 -0.0998121
7.13155 4.02498 -0.128643
6.97439 3.93628 -0.153771
6.97388 3.936 -0.181726
7.1474 4.03393 -0.214913
6.45902 3.64541 -0.220123
6.71072 3.78747 -0.255627
9.39402 5.34306 0.24525
9.13399 5.19516 0.201765
8.78689 4.99774 0.158802
8.70041 4.94855 0.122292
8.43127 4.79547 0.0846476
8.43148 4.79559 0.0507888
7.93611 4.51384 0.0159346
7.99696 4.54845 -0.0160565
7.52748 4.28142 -0.0453442
7.5273 4.28132 -0.0755717
7.29235 4.14768 -0.1025
7.11817 4.04861 -0.128643
7.07428 4.02365 -0.156267
7.07376 4.02336 -0.184676
6.97757 3.96865 -0.210201
6.78575 3.85954 -0.231693
6.70681 3.81465 -0.255958
9.37719 5.37254 0.24525
9.11762 5.22383 0.201765
8.77115 5.02532 0.158802
8.68482 4.97585 0.122292
8.41616 4.82193 0.0846476
8.41637 4.82205 0.0507888
7.92189 4.53875 0.0159346
7.98263 4.57355 -0.0160565
7.51399 4.30505 -0.0453442
7.51381 4.30494 -0.0755717
7.27928 4.17057 -0.1025
7.10541 4.07095 -0.128643
7.0616 4.04586 -0.156267
7.06109 4.04556 -0.184676
6.96507 3.99055 -0.210201
6.77359 3.88084 -0.231693
6.6948 3.8357 -0.255958
